
Loading Saved Neural Network Parameters ...

Feedforward Using Neural Network ...
cost =

 Columns 1 through 12:

  5.4986e+004  5.3433e+004  4.0103e+004  5.2598e+004  5.2052e+004  5.6383e+004  4.5953e+004  3.8481e+004  4.8493e+004  4.2295e+004  4.6074e+004  5.1171e+004

 Columns 13 through 24:

  5.7482e+004  4.1596e+004  5.3142e+004  3.7855e+004  5.9102e+004  4.9074e+004  5.0337e+004  4.9441e+004  5.2479e+004  4.5199e+004  5.0205e+004  3.5441e+004

 Columns 25 through 36:

  4.0760e+004  5.2336e+004  3.2909e+004  3.9452e+004  3.9627e+004  4.6751e+004  3.5264e+004  5.2036e+004  5.4301e+004  4.9822e+004  5.8927e+004  4.9748e+004

 Columns 37 through 48:

  5.5848e+004  5.8977e+004  5.7199e+004  6.0932e+004  5.4495e+004  5.7882e+004  4.3666e+004  5.0594e+004  5.2608e+004  5.3570e+004  5.8199e+004  4.7093e+004

 Columns 49 through 60:

  5.3422e+004  4.3685e+004  5.5879e+004  4.6944e+004  5.3343e+004  3.6474e+004  3.6041e+004  5.6631e+004  4.0342e+004  4.1160e+004  4.6316e+004  5.2048e+004

 Columns 61 through 72:

  4.5064e+004  5.6808e+004  4.8269e+004  5.0062e+004  4.3654e+004  3.8002e+004  3.9738e+004  5.7201e+004  5.3892e+004  4.4868e+004  5.3574e+004  3.2164e+004

 Columns 73 through 84:

  5.3056e+004  5.8198e+004  5.0726e+004  4.0944e+004  5.8317e+004  5.8532e+004  4.1667e+004  4.9200e+004  4.6578e+004  5.2242e+004  5.3236e+004  5.5085e+004

 Columns 85 through 96:

  4.3583e+004  4.6925e+004  3.8758e+004  3.2126e+004  5.1426e+004  3.0497e+004  4.6921e+004  4.5588e+004  3.6399e+004  4.5154e+004  3.8818e+004  4.7417e+004

 Columns 97 through 108:

  3.9248e+004  3.8825e+004  3.9132e+004  5.1071e+004  3.5936e+004  3.6955e+004  5.2810e+004  3.3429e+004  3.5760e+004  4.6375e+004  5.0400e+004  4.6998e+004

 Columns 109 through 120:

  5.4564e+004  3.8933e+004  5.4804e+004  4.6053e+004  3.0879e+004  4.5633e+004  3.3712e+004  5.4164e+004  4.6574e+004  5.0194e+004  4.9126e+004  4.5031e+004

 Columns 121 through 132:

  4.6993e+004  3.2501e+004  4.7616e+004  4.9153e+004  3.8267e+004  5.8547e+004  5.4633e+004  5.6603e+004  5.9602e+004  3.4320e+004  5.4328e+004  2.8126e+004

 Columns 133 through 144:

  5.3259e+004  3.1847e+004  5.0744e+004  3.4683e+004  5.7472e+004  5.0439e+004  5.2367e+004  4.9697e+004  4.0064e+004  5.7887e+004  2.5911e+004  5.5187e+004

 Columns 145 through 156:

  4.3282e+004  5.0383e+004  4.0924e+004  5.0448e+004  4.0782e+004  4.4748e+004  3.4100e+004  5.4009e+004  4.9426e+004  5.0516e+004  4.4152e+004  4.8887e+004

 Columns 157 through 168:

  5.6299e+004  5.8806e+004  4.0936e+004  5.2145e+004  5.8242e+004  4.8899e+004  5.4771e+004  5.7151e+004  5.4992e+004  4.6784e+004  4.6986e+004  5.0242e+004

 Columns 169 through 180:

  5.7140e+004  4.2285e+004  5.1474e+004  4.0318e+004  5.0738e+004  5.6536e+004  5.7929e+004  4.7629e+004  4.8880e+004  3.9625e+004  5.6293e+004  5.3999e+004

 Columns 181 through 192:

  3.7333e+004  5.7655e+004  3.6772e+004  5.6007e+004  5.8201e+004  3.9166e+004  4.7009e+004  5.5432e+004  5.5566e+004  5.4387e+004  5.3399e+004  5.8604e+004

 Columns 193 through 204:

  5.7432e+004  4.5110e+004  4.8870e+004  5.4773e+004  4.5326e+004  5.4499e+004  4.9556e+004  5.3555e+004  4.2235e+004  5.1287e+004  5.6731e+004  4.3956e+004

 Columns 205 through 216:

  5.8161e+004  3.9500e+004  5.8155e+004  3.6940e+004  4.5885e+004  3.7855e+004  4.7884e+004  5.8352e+004  5.5705e+004  5.7113e+004  3.6058e+004  5.4328e+004

 Columns 217 through 228:

  3.3971e+004  5.4718e+004  5.7007e+004  5.8974e+004  3.9513e+004  3.6300e+004  5.0840e+004  4.9125e+004  4.3441e+004  5.4545e+004  3.7961e+004  5.9536e+004

 Columns 229 through 240:

  4.0631e+004  4.0917e+004  5.0107e+004  4.7628e+004  5.1101e+004  5.4668e+004  4.3921e+004  5.9022e+004  3.8839e+004  5.0964e+004  4.0052e+004  3.8511e+004

 Columns 241 through 252:

  5.8517e+004  4.8539e+004  4.4805e+004  5.1768e+004  3.7335e+004  4.6310e+004  3.9216e+004  5.4508e+004  3.8481e+004  5.5083e+004  5.1045e+004  5.4887e+004

 Columns 253 through 264:

  5.4740e+004  5.3051e+004  4.8953e+004  5.0395e+004  4.0361e+004  3.7978e+004  5.0936e+004  4.3931e+004  3.9466e+004  2.7906e+004  5.1516e+004  5.2979e+004

 Columns 265 through 276:

  5.4756e+004  2.9392e+004  4.5787e+004  4.3665e+004  4.9883e+004  4.4855e+004  5.5713e+004  4.9744e+004  4.6956e+004  5.2550e+004  5.4631e+004  3.5801e+004

 Columns 277 through 288:

  4.8332e+004  5.7579e+004  5.5826e+004  5.7016e+004  4.7508e+004  4.2940e+004  3.8545e+004  5.4471e+004  5.5900e+004  3.7027e+004  3.9139e+004  5.4704e+004

 Columns 289 through 300:

  4.3727e+004  4.7203e+004  5.5007e+004  5.6105e+004  4.6588e+004  4.7576e+004  3.9048e+004  4.8696e+004  4.6654e+004  5.5474e+004  5.0867e+004  5.7343e+004

 Columns 301 through 312:

  5.3773e+004  4.9885e+004  5.0375e+004  5.6028e+004  5.1197e+004  4.6454e+004  4.3858e+004  3.7798e+004  5.4043e+004  5.4160e+004  5.3310e+004  5.0165e+004

 Columns 313 through 324:

  6.1011e+004  5.3634e+004  5.7155e+004  5.3342e+004  2.9412e+004  4.9283e+004  5.0797e+004  5.2090e+004  4.6922e+004  5.0930e+004  5.2274e+004  4.7373e+004

 Columns 325 through 336:

  5.2541e+004  4.9098e+004  4.7233e+004  4.9493e+004  3.9789e+004  3.5643e+004  4.7773e+004  4.7864e+004  5.5662e+004  4.9097e+004  5.5242e+004  5.7527e+004

 Columns 337 through 348:

  5.4961e+004  5.6246e+004  6.0154e+004  5.0475e+004  5.0170e+004  4.0254e+004  4.7105e+004  4.5020e+004  4.0351e+004  5.4761e+004  4.8020e+004  4.8284e+004

 Columns 349 through 360:

  5.3104e+004  3.6116e+004  5.4115e+004  3.2476e+004  3.9294e+004  5.4872e+004  5.3485e+004  5.2651e+004  5.1577e+004  3.1127e+004  4.2287e+004  5.3379e+004

 Columns 361 through 372:

  5.7946e+004  4.9647e+004  5.0424e+004  4.2909e+004  4.5485e+004  4.8577e+004  5.0413e+004  4.1179e+004  5.6291e+004  5.1075e+004  3.7936e+004  3.9184e+004

 Columns 373 through 384:

  5.2761e+004  4.1020e+004  5.1082e+004  5.2015e+004  4.6288e+004  4.5183e+004  4.5715e+004  5.7273e+004  4.9931e+004  4.5185e+004  5.5109e+004  5.2107e+004

 Columns 385 through 396:

  5.6103e+004  5.3224e+004  5.8941e+004  5.6349e+004  3.6785e+004  4.7565e+004  5.2226e+004  6.1231e+004  2.8494e+004  4.3706e+004  5.6350e+004  5.3749e+004

 Columns 397 through 408:

  3.4165e+004  6.0829e+004  4.3210e+004  4.6175e+004  4.9554e+004  4.1997e+004  5.9084e+004  3.8543e+004  4.8560e+004  3.8792e+004  4.8672e+004  5.2442e+004

 Columns 409 through 420:

  3.3372e+004  4.9529e+004  4.6746e+004  4.9541e+004  3.5837e+004  4.4113e+004  5.2931e+004  4.6645e+004  5.4698e+004  5.4191e+004  4.7858e+004  4.6599e+004

 Columns 421 through 432:

  5.2946e+004  4.2399e+004  4.7876e+004  4.8693e+004  5.5938e+004  5.1499e+004  3.2810e+004  4.6488e+004  3.4523e+004  5.6445e+004  5.5084e+004  5.2778e+004

 Columns 433 through 444:

  4.9518e+004  5.6952e+004  4.3378e+004  5.5845e+004  5.9960e+004  4.7251e+004  5.2052e+004  4.6827e+004  4.5805e+004  4.2378e+004  5.6839e+004  3.6875e+004

 Columns 445 through 456:

  5.7297e+004  5.8701e+004  3.8197e+004  5.1150e+004  4.9926e+004  4.0928e+004  5.3681e+004  4.7018e+004  4.4710e+004  3.6579e+004  5.0485e+004  6.1544e+004

 Columns 457 through 468:

  4.1656e+004  4.2626e+004  4.7482e+004  3.6945e+004  4.6294e+004  3.4393e+004  4.6379e+004  5.4186e+004  6.2487e+004  4.7741e+004  4.4558e+004  4.7922e+004

 Columns 469 through 480:

  5.3473e+004  4.9405e+004  4.6313e+004  3.2360e+004  5.4654e+004  5.1207e+004  5.5095e+004  5.2425e+004  5.2543e+004  5.8687e+004  4.0629e+004  5.7123e+004

 Columns 481 through 492:

  4.8416e+004  5.6954e+004  5.3030e+004  4.6659e+004  3.0296e+004  5.7721e+004  4.7088e+004  5.2151e+004  2.9627e+004  5.3871e+004  5.5906e+004  5.3890e+004

 Columns 493 through 504:

  5.8840e+004  4.8589e+004  5.8794e+004  5.2219e+004  3.3980e+004  5.8236e+004  4.7713e+004  4.5398e+004  4.7176e+004  4.6096e+004  4.2488e+004  4.4592e+004

 Columns 505 through 516:

  4.6661e+004  2.5746e+004  4.6666e+004  4.5812e+004  4.7100e+004  2.9901e+004  4.4288e+004  4.7787e+004  4.1031e+004  3.7313e+004  4.4547e+004  4.0458e+004

 Columns 517 through 528:

  4.2363e+004  4.6295e+004  4.5240e+004  4.1457e+004  4.3296e+004  2.6289e+004  4.3434e+004  4.4133e+004  4.3780e+004  4.5949e+004  4.3160e+004  4.3347e+004

 Columns 529 through 540:

  4.5739e+004  4.4305e+004  4.6831e+004  2.9246e+004  4.4467e+004  4.1675e+004  4.2927e+004  4.7662e+004  3.9149e+004  4.3400e+004  4.5249e+004  4.3451e+004

 Columns 541 through 552:

  4.6010e+004  5.0065e+004  4.6695e+004  4.4559e+004  4.5620e+004  4.6007e+004  4.1673e+004  4.3725e+004  4.2714e+004  3.3305e+004  4.7068e+004  4.4887e+004

 Columns 553 through 564:

  4.2336e+004  4.5478e+004  4.0226e+004  4.4260e+004  4.4217e+004  4.3953e+004  4.4941e+004  4.6267e+004  4.1283e+004  2.6998e+004  4.4930e+004  4.4791e+004

 Columns 565 through 576:

  3.2657e+004  4.2314e+004  4.2661e+004  4.3950e+004  3.9698e+004  2.9205e+004  3.6668e+004  4.2996e+004  3.8060e+004  4.4620e+004  4.3931e+004  4.6257e+004

 Columns 577 through 588:

  4.7706e+004  4.0762e+004  4.9663e+004  3.4327e+004  4.6263e+004  4.3629e+004  3.8230e+004  4.7110e+004  4.4501e+004  4.9570e+004  4.3749e+004  4.3744e+004

 Columns 589 through 600:

  4.5724e+004  4.7378e+004  4.7251e+004  4.8674e+004  3.7721e+004  4.9563e+004  4.4240e+004  4.7968e+004  4.7333e+004  4.3301e+004  4.3438e+004  4.6862e+004

 Columns 601 through 612:

  4.3942e+004  4.2847e+004  4.1687e+004  3.0381e+004  4.9671e+004  4.9391e+004  4.7532e+004  4.9390e+004  4.1275e+004  4.5781e+004  4.9301e+004  4.7186e+004

 Columns 613 through 624:

  4.5927e+004  3.5981e+004  3.6438e+004  4.4560e+004  3.9070e+004  4.3236e+004  4.3032e+004  4.0389e+004  3.5020e+004  3.9597e+004  4.8051e+004  4.5084e+004

 Columns 625 through 636:

  4.4345e+004  4.2397e+004  4.1713e+004  2.9812e+004  3.7707e+004  4.6168e+004  4.5984e+004  4.0172e+004  4.4381e+004  4.6151e+004  3.5215e+004  4.1135e+004

 Columns 637 through 648:

  4.7385e+004  3.0958e+004  3.6294e+004  4.2880e+004  4.3097e+004  4.5854e+004  4.6159e+004  4.3903e+004  4.2472e+004  4.6606e+004  4.5191e+004  4.0132e+004

 Columns 649 through 660:

  3.3960e+004  4.4992e+004  3.2649e+004  4.0402e+004  3.1047e+004  3.2356e+004  4.5977e+004  3.5368e+004  4.5735e+004  3.8459e+004  3.5887e+004  3.0878e+004

 Columns 661 through 672:

  4.8032e+004  3.6102e+004  4.6397e+004  4.7212e+004  4.8470e+004  4.0337e+004  4.4165e+004  4.2620e+004  4.1980e+004  4.3462e+004  4.6527e+004  4.6640e+004

 Columns 673 through 684:

  4.4333e+004  4.9729e+004  4.3784e+004  2.8785e+004  4.3906e+004  4.2449e+004  4.8314e+004  4.0778e+004  4.5230e+004  3.6425e+004  4.0020e+004  4.5947e+004

 Columns 685 through 696:

  4.3444e+004  4.3022e+004  4.6640e+004  4.1727e+004  3.4014e+004  4.1080e+004  3.9867e+004  4.2351e+004  4.3357e+004  4.1331e+004  4.6290e+004  4.1922e+004

 Columns 697 through 708:

  4.6543e+004  3.4611e+004  4.3834e+004  4.3243e+004  3.5095e+004  4.5157e+004  4.6819e+004  4.2483e+004  3.9848e+004  4.4386e+004  4.0414e+004  4.6225e+004

 Columns 709 through 720:

  3.7735e+004  3.6317e+004  3.8568e+004  3.6144e+004  3.8024e+004  4.7803e+004  4.8145e+004  4.5987e+004  4.5544e+004  4.5234e+004  4.1667e+004  4.2297e+004

 Columns 721 through 732:

  4.6741e+004  4.0605e+004  4.2659e+004  3.7748e+004  2.8337e+004  4.7555e+004  4.8105e+004  4.2914e+004  4.5371e+004  3.8581e+004  4.8826e+004  4.6392e+004

 Columns 733 through 744:

  4.5277e+004  4.2652e+004  2.9178e+004  4.6201e+004  4.7477e+004  4.5639e+004  4.7289e+004  4.2641e+004  4.6012e+004  4.3792e+004  4.1804e+004  4.2777e+004

 Columns 745 through 756:

  3.7413e+004  3.2263e+004  4.7889e+004  4.2833e+004  4.8302e+004  4.2436e+004  4.4517e+004  3.6993e+004  4.6073e+004  4.0510e+004  4.1854e+004  4.1913e+004

 Columns 757 through 768:

  4.9795e+004  4.2594e+004  4.0957e+004  3.2914e+004  4.8368e+004  4.4705e+004  4.4188e+004  4.6106e+004  5.0797e+004  3.7610e+004  4.5156e+004  3.4581e+004

 Columns 769 through 780:

  3.3584e+004  4.8174e+004  3.8871e+004  4.5404e+004  3.2530e+004  4.2468e+004  3.5082e+004  5.0067e+004  4.3001e+004  4.9450e+004  4.2265e+004  4.2765e+004

 Columns 781 through 792:

  4.4220e+004  4.4852e+004  4.7444e+004  5.1950e+004  4.6565e+004  4.0654e+004  4.2235e+004  4.3836e+004  3.6366e+004  4.4867e+004  4.4061e+004  4.9584e+004

 Columns 793 through 804:

  3.8621e+004  4.5759e+004  4.7896e+004  4.2257e+004  3.8458e+004  4.5989e+004  4.4788e+004  4.9361e+004  4.8437e+004  4.7502e+004  4.8893e+004  3.9589e+004

 Columns 805 through 816:

  4.3391e+004  4.8308e+004  4.6829e+004  4.2009e+004  3.8982e+004  4.1609e+004  4.1932e+004  4.6267e+004  4.6689e+004  4.2907e+004  3.5496e+004  3.5094e+004

 Columns 817 through 828:

  3.5484e+004  3.3009e+004  3.4696e+004  3.2069e+004  4.5162e+004  3.2138e+004  4.2855e+004  4.8206e+004  4.2687e+004  4.5562e+004  4.2548e+004  4.3122e+004

 Columns 829 through 840:

  3.3322e+004  3.8661e+004  4.7240e+004  4.5759e+004  4.3644e+004  4.4862e+004  4.6333e+004  4.4170e+004  3.9271e+004  4.1826e+004  3.9398e+004  4.7674e+004

 Columns 841 through 852:

  3.2585e+004  4.0766e+004  4.2033e+004  4.3017e+004  2.6635e+004  3.9318e+004  4.2112e+004  4.7166e+004  4.3429e+004  4.1827e+004  4.9085e+004  3.5139e+004

 Columns 853 through 864:

  4.4513e+004  4.5378e+004  4.1812e+004  5.0413e+004  4.8554e+004  4.7354e+004  3.9929e+004  4.3607e+004  4.1827e+004  4.1941e+004  4.6613e+004  4.1629e+004

 Columns 865 through 876:

  4.7250e+004  3.7611e+004  4.1692e+004  4.4275e+004  4.4664e+004  4.8866e+004  4.7087e+004  4.7297e+004  4.6234e+004  4.4293e+004  3.6315e+004  4.6276e+004

 Columns 877 through 888:

  4.7238e+004  4.3080e+004  3.7698e+004  4.5974e+004  4.7057e+004  3.9877e+004  4.3584e+004  3.5700e+004  3.0978e+004  4.4188e+004  4.7002e+004  4.2768e+004

 Columns 889 through 900:

  4.5830e+004  4.2514e+004  3.7335e+004  4.0253e+004  3.3946e+004  4.4514e+004  3.2637e+004  4.6288e+004  4.4698e+004  4.1133e+004  4.3066e+004  4.7438e+004

 Columns 901 through 912:

  4.1786e+004  4.5146e+004  3.9776e+004  4.2502e+004  4.6169e+004  4.4622e+004  4.7676e+004  4.6051e+004  2.9371e+004  4.7608e+004  3.4632e+004  4.7231e+004

 Columns 913 through 924:

  4.5543e+004  4.5835e+004  5.0245e+004  4.5304e+004  4.6380e+004  3.9838e+004  4.6725e+004  4.2242e+004  4.0032e+004  4.4409e+004  4.5095e+004  3.4970e+004

 Columns 925 through 936:

  4.5651e+004  4.7516e+004  4.8944e+004  4.4674e+004  4.0799e+004  4.1055e+004  4.7274e+004  4.0175e+004  3.4832e+004  4.5080e+004  4.9218e+004  4.4779e+004

 Columns 937 through 948:

  4.2633e+004  4.4599e+004  4.5119e+004  4.2053e+004  4.5078e+004  4.0938e+004  4.4777e+004  4.4292e+004  4.6363e+004  3.7155e+004  4.5910e+004  4.4316e+004

 Columns 949 through 960:

  2.8582e+004  4.1569e+004  4.5651e+004  3.2069e+004  2.7883e+004  4.6447e+004  4.6626e+004  4.9825e+004  4.6400e+004  4.3589e+004  4.1766e+004  4.1442e+004

 Columns 961 through 972:

  4.5259e+004  3.9537e+004  4.0692e+004  4.4977e+004  3.3443e+004  3.6801e+004  4.5492e+004  4.5312e+004  4.3662e+004  4.4628e+004  4.6076e+004  3.9327e+004

 Columns 973 through 984:

  4.1316e+004  4.1584e+004  3.6756e+004  3.8642e+004  5.0469e+004  4.5751e+004  4.8888e+004  4.8647e+004  4.2804e+004  4.9430e+004  4.8987e+004  4.1988e+004

 Columns 985 through 996:

  4.1851e+004  4.8024e+004  4.0543e+004  4.7461e+004  4.1469e+004  3.9652e+004  4.0731e+004  4.3710e+004  4.2100e+004  4.4947e+004  4.2931e+004  4.2068e+004

 Columns 997 through 1008:

  3.4253e+004  4.1280e+004  4.4362e+004  3.9982e+004  4.3915e+004  4.1032e+004  3.9178e+004  4.1973e+004  4.1669e+004  4.8015e+004  2.7197e+004  4.3191e+004

 Columns 1009 through 1020:

  4.0701e+004  4.4916e+004  3.1102e+004  4.8129e+004  3.8098e+004  5.0013e+004  3.2897e+004  3.2972e+004  4.5199e+004  3.2152e+004  3.7419e+004  4.6494e+004

 Columns 1021 through 1032:

  6.5125e+004  5.0903e+004  5.5453e+004  4.9286e+004  6.0236e+004  3.2177e+004  3.3895e+004  6.1113e+004  6.1006e+004  5.9529e+004  4.1388e+004  5.5073e+004

 Columns 1033 through 1044:

  6.0624e+004  6.3581e+004  5.0140e+004  5.3870e+004  5.6434e+004  6.5399e+004  5.6107e+004  5.5751e+004  4.0092e+004  3.2985e+004  5.0364e+004  5.2758e+004

 Columns 1045 through 1056:

  5.7048e+004  3.1968e+004  3.9990e+004  4.6374e+004  3.6492e+004  4.2103e+004  5.6380e+004  4.6893e+004  5.4270e+004  4.5542e+004  4.2981e+004  4.4059e+004

 Columns 1057 through 1068:

  3.9821e+004  2.9084e+004  3.6258e+004  5.5500e+004  5.4420e+004  3.6088e+004  3.0421e+004  4.0425e+004  4.4818e+004  5.1379e+004  3.2696e+004  3.5328e+004

 Columns 1069 through 1080:

  4.4213e+004  3.5443e+004  5.4147e+004  4.0411e+004  6.4879e+004  3.8470e+004  4.1062e+004  3.7790e+004  5.1098e+004  4.2671e+004  3.7282e+004  5.6014e+004

 Columns 1081 through 1092:

  5.7379e+004  3.4812e+004  4.5219e+004  4.0985e+004  5.8175e+004  4.2076e+004  3.5190e+004  3.1977e+004  5.3196e+004  3.2451e+004  3.7453e+004  5.8261e+004

 Columns 1093 through 1104:

  3.8163e+004  5.1828e+004  4.8430e+004  3.2702e+004  3.7716e+004  3.8627e+004  4.2638e+004  4.5900e+004  4.1914e+004  3.7759e+004  4.7997e+004  3.4277e+004

 Columns 1105 through 1116:

  6.0972e+004  3.5128e+004  3.4232e+004  4.1715e+004  4.8411e+004  3.4401e+004  4.0649e+004  3.4198e+004  2.8826e+004  3.3098e+004  3.6246e+004  4.5103e+004

 Columns 1117 through 1128:

  5.8413e+004  5.9992e+004  5.5050e+004  3.7697e+004  5.6118e+004  5.4433e+004  5.5929e+004  4.1025e+004  6.0146e+004  3.3078e+004  4.4655e+004  4.2899e+004

 Columns 1129 through 1140:

  3.3162e+004  4.4456e+004  2.9544e+004  3.1698e+004  5.2549e+004  3.6187e+004  5.5840e+004  5.2915e+004  5.5204e+004  5.5535e+004  4.9695e+004  5.0618e+004

 Columns 1141 through 1152:

  3.9440e+004  4.1690e+004  5.4675e+004  3.6031e+004  4.0300e+004  2.8281e+004  4.2900e+004  4.3663e+004  4.4182e+004  5.1194e+004  3.8513e+004  4.7155e+004

 Columns 1153 through 1164:

  3.5300e+004  3.0043e+004  5.2850e+004  3.2520e+004  4.8334e+004  4.5955e+004  3.2837e+004  5.3340e+004  6.4058e+004  4.1457e+004  6.3257e+004  4.0641e+004

 Columns 1165 through 1176:

  3.6952e+004  6.4030e+004  6.1687e+004  3.5716e+004  6.3995e+004  3.2760e+004  4.7446e+004  5.7114e+004  4.8437e+004  5.2452e+004  4.3189e+004  3.6472e+004

 Columns 1177 through 1188:

  4.6463e+004  4.4478e+004  5.4851e+004  4.0160e+004  3.1789e+004  4.1550e+004  4.7790e+004  4.2887e+004  4.0759e+004  3.4573e+004  6.2297e+004  3.1288e+004

 Columns 1189 through 1200:

  4.0709e+004  3.2222e+004  5.0309e+004  5.0062e+004  5.9247e+004  5.6079e+004  5.3965e+004  4.4157e+004  3.1778e+004  5.0011e+004  6.2486e+004  3.8981e+004

 Columns 1201 through 1212:

  5.2164e+004  4.7841e+004  4.5664e+004  5.6384e+004  5.6203e+004  5.0359e+004  5.1238e+004  3.4650e+004  4.9134e+004  4.0542e+004  5.2024e+004  3.6725e+004

 Columns 1213 through 1224:

  4.7070e+004  2.9815e+004  4.9637e+004  4.9157e+004  6.0759e+004  3.7813e+004  5.0557e+004  5.1817e+004  5.3988e+004  5.3943e+004  4.2483e+004  5.5379e+004

 Columns 1225 through 1236:

  4.3860e+004  5.8768e+004  5.6485e+004  5.5519e+004  4.4329e+004  5.5975e+004  4.8350e+004  3.7351e+004  5.9323e+004  5.9885e+004  5.0309e+004  4.8002e+004

 Columns 1237 through 1248:

  5.8856e+004  5.6447e+004  3.3986e+004  5.5145e+004  5.9889e+004  3.8035e+004  3.8286e+004  4.9529e+004  5.3540e+004  3.9812e+004  5.5573e+004  4.4760e+004

 Columns 1249 through 1260:

  4.0404e+004  5.1395e+004  4.9302e+004  5.1710e+004  4.1206e+004  3.5024e+004  5.0772e+004  5.1406e+004  5.3820e+004  5.5276e+004  5.3678e+004  6.4493e+004

 Columns 1261 through 1272:

  3.9905e+004  6.0173e+004  5.7673e+004  5.3680e+004  5.3400e+004  4.3399e+004  5.4807e+004  3.2387e+004  6.2140e+004  5.0735e+004  3.5894e+004  3.2702e+004

 Columns 1273 through 1284:

  5.1972e+004  4.5720e+004  5.0174e+004  3.6091e+004  4.2800e+004  3.4623e+004  5.6321e+004  5.6503e+004  4.6272e+004  3.8973e+004  5.2003e+004  5.2136e+004

 Columns 1285 through 1296:

  4.1368e+004  5.5012e+004  5.1593e+004  4.7678e+004  5.6232e+004  6.0940e+004  5.3485e+004  4.5123e+004  3.2637e+004  3.9256e+004  5.0568e+004  5.6018e+004

 Columns 1297 through 1308:

  4.7686e+004  4.7548e+004  4.6799e+004  5.0358e+004  5.6786e+004  5.0370e+004  4.5945e+004  4.7818e+004  5.8347e+004  5.0557e+004  4.3057e+004  3.6217e+004

 Columns 1309 through 1320:

  4.7111e+004  5.5354e+004  5.0372e+004  3.3837e+004  5.3929e+004  5.0048e+004  4.8214e+004  4.7541e+004  4.0721e+004  3.2145e+004  5.8574e+004  5.9615e+004

 Columns 1321 through 1332:

  3.5088e+004  4.3807e+004  4.4476e+004  4.1474e+004  6.1480e+004  3.7520e+004  5.1169e+004  4.5987e+004  3.9916e+004  5.3366e+004  5.6252e+004  3.3871e+004

 Columns 1333 through 1344:

  4.3411e+004  5.8873e+004  6.0112e+004  5.2662e+004  6.0462e+004  5.6824e+004  6.0564e+004  4.2202e+004  3.6467e+004  4.4247e+004  4.6473e+004  4.9196e+004

 Columns 1345 through 1356:

  4.2788e+004  3.6657e+004  3.8516e+004  4.2926e+004  4.4360e+004  5.1716e+004  3.9331e+004  6.3009e+004  5.6836e+004  6.3179e+004  4.3049e+004  5.5799e+004

 Columns 1357 through 1368:

  5.0128e+004  4.9288e+004  4.1171e+004  5.7068e+004  5.6918e+004  6.3263e+004  3.3430e+004  3.1013e+004  4.7062e+004  4.9158e+004  4.3690e+004  5.1999e+004

 Columns 1369 through 1380:

  3.6489e+004  5.6927e+004  5.3433e+004  3.4987e+004  4.2850e+004  4.0409e+004  4.5399e+004  4.8093e+004  5.7232e+004  5.3302e+004  4.6374e+004  4.0445e+004

 Columns 1381 through 1392:

  3.9617e+004  4.6973e+004  4.5806e+004  3.3354e+004  4.9981e+004  3.8709e+004  4.9583e+004  5.4499e+004  5.1571e+004  4.9748e+004  5.0743e+004  5.3804e+004

 Columns 1393 through 1404:

  5.4962e+004  3.6301e+004  3.4398e+004  4.7133e+004  3.9904e+004  3.0764e+004  5.3359e+004  3.4639e+004  5.2667e+004  5.4432e+004  6.4991e+004  4.0403e+004

 Columns 1405 through 1416:

  5.4806e+004  5.3279e+004  3.0232e+004  4.6918e+004  3.0119e+004  4.9076e+004  2.7762e+004  3.1399e+004  3.0793e+004  3.0351e+004  5.2867e+004  3.9460e+004

 Columns 1417 through 1428:

  4.7681e+004  4.3863e+004  4.5944e+004  3.8349e+004  4.9951e+004  3.5647e+004  4.6877e+004  3.3225e+004  4.7055e+004  4.2325e+004  5.3399e+004  5.0940e+004

 Columns 1429 through 1440:

  5.4969e+004  5.2328e+004  4.4435e+004  4.8913e+004  4.6708e+004  4.7914e+004  5.0336e+004  4.2328e+004  4.9215e+004  3.4232e+004  5.2472e+004  4.1355e+004

 Columns 1441 through 1452:

  3.0825e+004  4.2957e+004  5.0866e+004  3.1323e+004  4.1753e+004  4.2057e+004  5.1069e+004  4.4909e+004  4.7278e+004  3.8046e+004  5.5924e+004  5.6871e+004

 Columns 1453 through 1464:

  5.5212e+004  3.0067e+004  6.0579e+004  3.9913e+004  5.2177e+004  4.9172e+004  5.2013e+004  4.5043e+004  4.5887e+004  3.1298e+004  6.6740e+004  4.3285e+004

 Columns 1465 through 1476:

  4.7253e+004  4.4125e+004  4.3932e+004  5.4932e+004  5.7740e+004  5.9283e+004  5.8490e+004  5.7676e+004  5.1957e+004  5.8753e+004  5.1524e+004  5.4732e+004

 Columns 1477 through 1488:

  3.4694e+004  5.0297e+004  5.2068e+004  3.7354e+004  3.9807e+004  4.0243e+004  3.0198e+004  5.0047e+004  2.8956e+004  3.1659e+004  4.3418e+004  4.6465e+004

 Columns 1489 through 1500:

  3.2753e+004  5.9174e+004  2.8104e+004  4.9956e+004  4.1026e+004  3.7294e+004  3.2568e+004  3.7300e+004  3.7106e+004  4.0138e+004  3.6195e+004  6.0059e+004

 Columns 1501 through 1512:

  5.0902e+004  5.3645e+004  6.0567e+004  6.0903e+004  3.4382e+004  4.3574e+004  5.1545e+004  4.7937e+004  4.8725e+004  3.9058e+004  4.6774e+004  5.2572e+004

 Columns 1513 through 1524:

  5.6289e+004  5.2025e+004  5.5102e+004  4.3571e+004  5.7884e+004  5.0453e+004  4.4576e+004  4.1704e+004  4.6455e+004  4.9690e+004  3.4726e+004  5.8811e+004

 Columns 1525 through 1536:

  2.9541e+004  5.6188e+004  5.4239e+004  2.6701e+004  3.0296e+004  5.7391e+004  4.9092e+004  5.3685e+004  4.9793e+004  5.1553e+004  5.1713e+004  4.7523e+004

 Columns 1537 through 1548:

  4.3695e+004  5.4530e+004  4.4546e+004  5.3967e+004  5.5544e+004  4.9817e+004  3.9729e+004  5.2837e+004  4.7101e+004  3.6546e+004  5.2314e+004  4.6301e+004

 Columns 1549 through 1560:

  5.3779e+004  4.4832e+004  3.6535e+004  2.9090e+004  3.7103e+004  4.9832e+004  5.3476e+004  5.7494e+004  2.9934e+004  3.5710e+004  3.9118e+004  3.8981e+004

 Columns 1561 through 1572:

  4.6801e+004  4.4669e+004  4.2025e+004  2.9582e+004  3.2872e+004  5.5254e+004  5.1858e+004  5.4332e+004  5.2004e+004  5.2562e+004  3.2980e+004  4.8521e+004

 Columns 1573 through 1584:

  4.5510e+004  3.3468e+004  4.8432e+004  5.1383e+004  3.2513e+004  4.1002e+004  4.0421e+004  3.6990e+004  4.4020e+004  5.6250e+004  5.6613e+004  3.9799e+004

 Columns 1585 through 1596:

  4.3708e+004  4.3089e+004  5.0629e+004  3.9869e+004  2.9453e+004  5.6575e+004  3.9145e+004  4.4500e+004  3.5638e+004  3.1776e+004  3.6430e+004  3.6374e+004

 Columns 1597 through 1608:

  3.9123e+004  4.6013e+004  3.9324e+004  4.0874e+004  5.4882e+004  3.2358e+004  2.7699e+004  4.8493e+004  4.7550e+004  3.5960e+004  3.7062e+004  3.2777e+004

 Columns 1609 through 1620:

  5.4130e+004  3.2576e+004  4.0682e+004  3.0473e+004  4.2849e+004  5.5424e+004  4.1802e+004  2.7182e+004  4.5654e+004  3.1164e+004  2.9578e+004  4.1151e+004

 Columns 1621 through 1632:

  3.4447e+004  4.6836e+004  4.7892e+004  4.4302e+004  3.8709e+004  4.9387e+004  3.4027e+004  3.3171e+004  3.7709e+004  2.8305e+004  3.2401e+004  4.9605e+004

 Columns 1633 through 1644:

  3.9142e+004  5.4851e+004  6.1439e+004  3.9507e+004  4.2241e+004  4.1044e+004  4.4982e+004  4.8562e+004  3.6697e+004  3.9138e+004  3.7130e+004  4.9044e+004

 Columns 1645 through 1656:

  5.1530e+004  3.0627e+004  5.0857e+004  5.5488e+004  5.6403e+004  5.0154e+004  3.5397e+004  5.0131e+004  4.9494e+004  4.1399e+004  5.3693e+004  4.0418e+004

 Columns 1657 through 1668:

  4.7719e+004  4.2963e+004  3.3862e+004  4.6230e+004  4.3983e+004  4.2943e+004  4.8778e+004  5.5895e+004  4.0545e+004  4.1998e+004  3.9966e+004  5.4638e+004

 Columns 1669 through 1680:

  4.5869e+004  5.0153e+004  4.1783e+004  3.8918e+004  5.5522e+004  4.7694e+004  3.9294e+004  5.6441e+004  4.8713e+004  3.6320e+004  3.4355e+004  3.5776e+004

 Columns 1681 through 1692:

  5.6307e+004  2.9965e+004  5.2531e+004  4.5833e+004  3.7112e+004  4.0678e+004  4.6917e+004  4.7088e+004  4.7568e+004  3.0394e+004  4.8313e+004  4.0104e+004

 Columns 1693 through 1704:

  4.9339e+004  3.8358e+004  3.4876e+004  3.4099e+004  3.3445e+004  3.0087e+004  4.1889e+004  4.0326e+004  3.0790e+004  4.3558e+004  4.4745e+004  3.4864e+004

 Columns 1705 through 1716:

  4.0685e+004  4.9902e+004  3.9191e+004  3.0738e+004  5.4602e+004  5.2423e+004  4.4250e+004  5.0083e+004  4.6285e+004  5.3992e+004  4.7370e+004  5.5224e+004

 Columns 1717 through 1728:

  4.3762e+004  5.5349e+004  5.2118e+004  2.9496e+004  5.6094e+004  5.8041e+004  3.1595e+004  5.2121e+004  4.6560e+004  2.8169e+004  4.4991e+004  5.0080e+004

 Columns 1729 through 1740:

  5.0875e+004  3.5898e+004  3.5049e+004  4.3945e+004  2.7551e+004  4.8180e+004  4.2748e+004  5.6233e+004  4.2213e+004  4.6601e+004  5.0826e+004  4.2922e+004

 Columns 1741 through 1752:

  3.8569e+004  4.8155e+004  5.7263e+004  4.4724e+004  3.7065e+004  4.0270e+004  4.0490e+004  4.7316e+004  3.2999e+004  4.7380e+004  4.2684e+004  3.0977e+004

 Columns 1753 through 1764:

  5.1687e+004  5.3185e+004  3.6869e+004  4.0833e+004  4.6966e+004  3.3178e+004  4.0501e+004  5.0260e+004  2.9875e+004  5.4523e+004  4.4330e+004  3.3334e+004

 Columns 1765 through 1776:

  3.8253e+004  4.8951e+004  3.3659e+004  4.9575e+004  3.7813e+004  3.8325e+004  4.1447e+004  4.2349e+004  3.9396e+004  4.8242e+004  5.2110e+004  5.3443e+004

 Columns 1777 through 1788:

  3.1217e+004  5.8232e+004  3.6083e+004  5.6759e+004  4.0172e+004  4.9004e+004  4.9962e+004  5.1010e+004  5.5332e+004  4.4568e+004  4.8809e+004  3.9767e+004

 Columns 1789 through 1800:

  4.1790e+004  3.8107e+004  5.3823e+004  3.0494e+004  4.9175e+004  4.4733e+004  5.2642e+004  5.3612e+004  4.6914e+004  5.6397e+004  3.1244e+004  5.5624e+004

 Columns 1801 through 1812:

  3.7874e+004  3.0564e+004  4.2538e+004  4.5952e+004  3.2279e+004  5.1007e+004  2.9384e+004  5.1102e+004  4.7836e+004  4.8321e+004  4.4724e+004  5.0200e+004

 Columns 1813 through 1824:

  4.0800e+004  4.6275e+004  4.6117e+004  3.4255e+004  4.9648e+004  4.0509e+004  4.3147e+004  4.6953e+004  3.6719e+004  3.3497e+004  4.9813e+004  3.4338e+004

 Columns 1825 through 1836:

  5.1616e+004  4.1535e+004  4.8449e+004  5.3627e+004  3.4337e+004  4.2312e+004  5.2554e+004  4.3590e+004  5.5075e+004  4.9563e+004  5.3749e+004  3.7158e+004

 Columns 1837 through 1848:

  4.7861e+004  4.8664e+004  4.5592e+004  4.8202e+004  5.7132e+004  3.6666e+004  5.2496e+004  4.2568e+004  4.9370e+004  3.7857e+004  4.0001e+004  4.2373e+004

 Columns 1849 through 1860:

  4.7534e+004  5.4357e+004  3.9524e+004  5.2706e+004  4.6317e+004  5.5110e+004  4.8102e+004  5.7510e+004  5.6596e+004  5.7364e+004  2.8923e+004  5.7633e+004

 Columns 1861 through 1872:

  5.9554e+004  4.2972e+004  4.8940e+004  4.9092e+004  5.2419e+004  3.3969e+004  4.6222e+004  5.3936e+004  5.1295e+004  4.4299e+004  5.2985e+004  3.8428e+004

 Columns 1873 through 1884:

  4.4193e+004  3.2273e+004  3.6538e+004  4.1183e+004  3.0584e+004  4.3176e+004  4.3382e+004  3.2572e+004  5.5231e+004  3.8363e+004  4.2210e+004  4.7020e+004

 Columns 1885 through 1896:

  5.8817e+004  4.4266e+004  4.2995e+004  3.3603e+004  5.5142e+004  4.3548e+004  4.7735e+004  5.3060e+004  4.9307e+004  4.3068e+004  5.7283e+004  4.3923e+004

 Columns 1897 through 1908:

  5.3754e+004  4.1741e+004  4.0048e+004  4.4014e+004  5.4360e+004  5.7329e+004  3.9495e+004  4.1518e+004  4.5107e+004  3.1617e+004  5.5654e+004  5.8175e+004

 Columns 1909 through 1920:

  4.9179e+004  5.6674e+004  5.5578e+004  4.4968e+004  4.3091e+004  5.5376e+004  5.1867e+004  5.3284e+004  4.0278e+004  5.2350e+004  3.6510e+004  4.3002e+004

 Columns 1921 through 1932:

  4.3127e+004  5.0141e+004  3.5794e+004  2.9040e+004  4.2190e+004  3.7591e+004  3.6215e+004  4.5265e+004  3.6357e+004  4.0162e+004  4.5806e+004  4.3064e+004

 Columns 1933 through 1944:

  5.1454e+004  3.2390e+004  4.5874e+004  3.4731e+004  3.2757e+004  3.6031e+004  4.3358e+004  3.9703e+004  3.8500e+004  4.4942e+004  5.4529e+004  3.8916e+004

 Columns 1945 through 1956:

  4.9731e+004  3.6690e+004  3.4387e+004  4.7863e+004  5.2262e+004  3.9872e+004  4.1937e+004  4.3586e+004  5.1242e+004  5.5471e+004  4.4260e+004  3.5133e+004

 Columns 1957 through 1968:

  5.5533e+004  5.3528e+004  3.5196e+004  3.1407e+004  3.6202e+004  5.8487e+004  5.5208e+004  2.8493e+004  5.7308e+004  5.7269e+004  4.0647e+004  4.2853e+004

 Columns 1969 through 1980:

  3.3175e+004  4.6479e+004  3.5182e+004  5.5892e+004  3.0898e+004  5.2219e+004  4.9674e+004  5.0744e+004  2.9247e+004  4.3094e+004  4.8863e+004  4.0751e+004

 Columns 1981 through 1992:

  5.2053e+004  3.0272e+004  5.3832e+004  5.5025e+004  5.8185e+004  4.5873e+004  5.1521e+004  4.8279e+004  5.2932e+004  5.0085e+004  5.1033e+004  4.2732e+004

 Columns 1993 through 2004:

  5.2305e+004  5.3930e+004  5.2120e+004  5.3225e+004  4.8483e+004  4.3943e+004  4.6120e+004  3.4661e+004  3.9883e+004  4.9093e+004  4.9227e+004  4.0809e+004

 Columns 2005 through 2016:

  3.1794e+004  4.9089e+004  3.7715e+004  4.2931e+004  3.3152e+004  5.1272e+004  4.2129e+004  5.3045e+004  4.1426e+004  4.5784e+004  5.3251e+004  4.8018e+004

 Columns 2017 through 2028:

  3.1195e+004  4.6208e+004  5.1316e+004  5.0632e+004  4.3776e+004  5.3095e+004  4.0897e+004  5.4624e+004  5.6600e+004  5.5236e+004  3.8255e+004  5.2941e+004

 Columns 2029 through 2040:

  5.7588e+004  3.2222e+004  4.4323e+004  5.4010e+004  4.4175e+004  5.8082e+004  4.9313e+004  4.4331e+004  4.9754e+004  4.1576e+004  4.8746e+004  5.8090e+004

 Columns 2041 through 2052:

  5.1536e+004  5.7455e+004  5.5713e+004  4.8481e+004  5.2945e+004  3.6630e+004  5.3998e+004  2.7163e+004  5.4250e+004  4.0345e+004  5.1825e+004  4.9315e+004

 Columns 2053 through 2064:

  4.8094e+004  4.6927e+004  3.7990e+004  4.9860e+004  3.3470e+004  4.7102e+004  4.0292e+004  3.5702e+004  4.5728e+004  3.9006e+004  4.0169e+004  4.6715e+004

 Columns 2065 through 2076:

  3.2102e+004  4.2166e+004  4.0365e+004  3.6458e+004  3.2049e+004  4.6259e+004  3.7221e+004  3.6397e+004  3.9520e+004  4.5067e+004  3.4006e+004  3.5698e+004

 Columns 2077 through 2088:

  3.4715e+004  3.3710e+004  3.0712e+004  3.1269e+004  5.2433e+004  4.7760e+004  2.9441e+004  5.7493e+004  4.2309e+004  5.2372e+004  4.2906e+004  3.3923e+004

 Columns 2089 through 2100:

  4.2785e+004  4.8298e+004  5.4348e+004  4.1729e+004  3.7572e+004  3.4426e+004  5.1652e+004  4.1400e+004  5.2141e+004  4.9328e+004  4.7667e+004  5.1198e+004

 Columns 2101 through 2112:

  4.6317e+004  5.1018e+004  4.6173e+004  4.6385e+004  3.0838e+004  3.1269e+004  4.2687e+004  4.6475e+004  2.7925e+004  3.8668e+004  3.5284e+004  4.4154e+004

 Columns 2113 through 2124:

  3.1892e+004  4.3809e+004  4.8256e+004  4.4178e+004  4.0971e+004  3.6778e+004  3.0777e+004  3.4734e+004  4.3132e+004  4.6232e+004  4.5753e+004  3.8472e+004

 Columns 2125 through 2136:

  4.7793e+004  4.5720e+004  5.7215e+004  3.8991e+004  4.4757e+004  5.4452e+004  4.5080e+004  4.7841e+004  4.3785e+004  3.8340e+004  4.0699e+004  3.2498e+004

 Columns 2137 through 2148:

  4.7584e+004  3.9608e+004  5.0990e+004  3.6729e+004  5.1438e+004  3.7796e+004  4.3988e+004  3.8743e+004  5.7493e+004  5.3774e+004  5.9033e+004  3.4490e+004

 Columns 2149 through 2160:

  3.6596e+004  4.2122e+004  5.2719e+004  3.5940e+004  3.6385e+004  4.0822e+004  4.2854e+004  3.3496e+004  3.2283e+004  2.9603e+004  5.0920e+004  4.9257e+004

 Columns 2161 through 2172:

  5.1551e+004  4.6611e+004  4.8823e+004  4.4532e+004  3.6878e+004  4.9525e+004  2.4321e+004  4.4400e+004  3.6989e+004  3.5240e+004  3.7210e+004  4.4770e+004

 Columns 2173 through 2184:

  5.1196e+004  5.0746e+004  4.3006e+004  4.7882e+004  4.9616e+004  4.1594e+004  4.7616e+004  4.5726e+004  4.0855e+004  4.6211e+004  5.4256e+004  4.2241e+004

 Columns 2185 through 2196:

  3.7144e+004  4.9214e+004  5.0784e+004  3.0323e+004  5.3259e+004  4.8504e+004  4.1235e+004  4.1798e+004  4.6661e+004  4.6392e+004  2.7799e+004  3.1962e+004

 Columns 2197 through 2208:

  3.1624e+004  4.9730e+004  3.4219e+004  4.3973e+004  4.8268e+004  3.0985e+004  4.9544e+004  5.8104e+004  5.8132e+004  4.7644e+004  3.3983e+004  4.2712e+004

 Columns 2209 through 2220:

  4.4407e+004  5.8724e+004  4.5094e+004  3.8558e+004  5.3634e+004  3.0484e+004  4.7450e+004  5.0817e+004  4.5459e+004  3.1660e+004  4.0305e+004  4.6002e+004

 Columns 2221 through 2232:

  3.5919e+004  3.5173e+004  6.2033e+004  5.2710e+004  4.1620e+004  4.9661e+004  5.7562e+004  4.6532e+004  5.3322e+004  4.6690e+004  3.7785e+004  4.2125e+004

 Columns 2233 through 2244:

  4.0410e+004  5.8198e+004  3.8540e+004  4.7422e+004  5.2816e+004  4.5198e+004  2.8672e+004  4.7179e+004  2.7188e+004  3.6679e+004  4.8271e+004  5.3890e+004

 Columns 2245 through 2256:

  3.3191e+004  3.4921e+004  4.0532e+004  5.6101e+004  5.2936e+004  3.6134e+004  3.6364e+004  5.2288e+004  3.8952e+004  3.5463e+004  5.1924e+004  4.4049e+004

 Columns 2257 through 2268:

  4.3935e+004  3.9220e+004  4.6528e+004  3.5387e+004  4.9802e+004  4.2461e+004  3.9145e+004  2.6291e+004  4.0836e+004  3.8561e+004  4.7403e+004  3.4157e+004

 Columns 2269 through 2280:

  4.7660e+004  3.7893e+004  3.3431e+004  3.0877e+004  4.7473e+004  4.0680e+004  4.8761e+004  4.0326e+004  5.2058e+004  3.4278e+004  4.2684e+004  4.4835e+004

 Columns 2281 through 2292:

  4.9930e+004  3.4897e+004  2.7870e+004  4.5056e+004  4.9173e+004  5.5486e+004  3.0705e+004  5.5596e+004  3.5317e+004  3.9057e+004  4.1878e+004  4.6257e+004

 Columns 2293 through 2304:

  5.0070e+004  4.3839e+004  3.1172e+004  5.3779e+004  4.6864e+004  4.6514e+004  4.0102e+004  5.2515e+004  4.9949e+004  4.2944e+004  5.4682e+004  4.3378e+004

 Columns 2305 through 2316:

  2.9620e+004  4.4568e+004  4.6630e+004  4.6584e+004  5.3948e+004  5.4945e+004  4.3531e+004  3.6063e+004  3.8506e+004  4.5156e+004  2.9900e+004  5.1937e+004

 Columns 2317 through 2328:

  3.8168e+004  5.0666e+004  3.4519e+004  4.1911e+004  5.3477e+004  5.4355e+004  5.2276e+004  5.1551e+004  4.0980e+004  4.9983e+004  4.5685e+004  4.7251e+004

 Columns 2329 through 2340:

  4.6167e+004  4.5870e+004  3.8727e+004  3.3787e+004  4.6205e+004  4.8485e+004  2.8598e+004  5.5532e+004  3.7531e+004  4.7680e+004  3.7672e+004  3.6413e+004

 Columns 2341 through 2352:

  5.4382e+004  4.8206e+004  5.0021e+004  4.6461e+004  5.5070e+004  4.3380e+004  3.2567e+004  4.8819e+004  3.5165e+004  3.8671e+004  4.3848e+004  4.4056e+004

 Columns 2353 through 2364:

  2.8361e+004  4.2641e+004  4.6226e+004  5.0970e+004  5.3481e+004  4.6570e+004  4.6636e+004  3.7703e+004  4.9664e+004  2.6021e+004  3.6494e+004  5.2154e+004

 Columns 2365 through 2376:

  4.1276e+004  3.5176e+004  3.0517e+004  3.6943e+004  4.1830e+004  4.6328e+004  3.4654e+004  3.2616e+004  4.2976e+004  4.6603e+004  3.9957e+004  3.4431e+004

 Columns 2377 through 2388:

  3.8234e+004  4.4876e+004  4.3932e+004  3.2536e+004  4.1766e+004  4.7885e+004  4.1273e+004  4.8798e+004  3.4922e+004  4.6288e+004  4.9482e+004  2.9321e+004

 Columns 2389 through 2400:

  3.5315e+004  4.6185e+004  4.9567e+004  4.4607e+004  4.5703e+004  3.7901e+004  5.3581e+004  5.2503e+004  5.5967e+004  4.1147e+004  4.2082e+004  3.4609e+004

 Columns 2401 through 2412:

  4.9146e+004  3.4553e+004  4.2664e+004  5.1085e+004  5.0121e+004  5.1743e+004  3.5034e+004  3.5939e+004  3.3396e+004  4.6903e+004  4.4734e+004  5.3371e+004

 Columns 2413 through 2424:

  5.0662e+004  5.0675e+004  3.1863e+004  5.1346e+004  3.7812e+004  5.1307e+004  4.7174e+004  5.1143e+004  4.8235e+004  5.1404e+004  4.8264e+004  5.4590e+004

 Columns 2425 through 2436:

  3.4913e+004  3.8860e+004  4.8335e+004  4.4567e+004  3.0268e+004  4.2641e+004  5.3635e+004  4.5835e+004  5.3818e+004  5.1571e+004  4.0560e+004  5.1981e+004

 Columns 2437 through 2448:

  5.3199e+004  4.5823e+004  4.0075e+004  4.4157e+004  4.0937e+004  5.1616e+004  3.3815e+004  4.6797e+004  3.2276e+004  5.1014e+004  3.9377e+004  4.1672e+004

 Columns 2449 through 2460:

  3.8738e+004  4.5147e+004  4.8774e+004  5.2664e+004  2.8980e+004  3.6213e+004  4.1943e+004  5.0238e+004  4.6754e+004  4.2388e+004  4.8868e+004  5.0648e+004

 Columns 2461 through 2472:

  3.6634e+004  4.5682e+004  4.5006e+004  4.1152e+004  3.5155e+004  5.4789e+004  3.8598e+004  2.8181e+004  3.6147e+004  4.4392e+004  5.0129e+004  4.7186e+004

 Columns 2473 through 2484:

  5.1113e+004  4.4805e+004  4.8501e+004  3.9172e+004  3.0721e+004  5.0545e+004  4.7645e+004  3.1415e+004  3.7996e+004  5.0405e+004  5.0051e+004  4.4513e+004

 Columns 2485 through 2496:

  3.0606e+004  5.5664e+004  3.2718e+004  3.5494e+004  3.9417e+004  4.5762e+004  4.5484e+004  4.9541e+004  5.3800e+004  4.6101e+004  4.1738e+004  4.0736e+004

 Columns 2497 through 2508:

  4.2801e+004  5.2898e+004  3.1588e+004  6.0155e+004  4.3395e+004  3.9810e+004  4.1920e+004  5.8918e+004  4.4689e+004  3.1811e+004  2.8276e+004  3.0193e+004

 Columns 2509 through 2520:

  5.9242e+004  3.5652e+004  4.9042e+004  3.7118e+004  5.6255e+004  5.5140e+004  5.8992e+004  4.2230e+004  3.4502e+004  4.3171e+004  5.0402e+004  4.2272e+004

 Columns 2521 through 2532:

  3.0399e+004  4.1528e+004  3.3545e+004  3.5859e+004  3.7899e+004  4.0365e+004  4.9059e+004  4.6269e+004  4.1102e+004  3.4996e+004  4.9446e+004  4.8437e+004

 Columns 2533 through 2544:

  3.5743e+004  4.2209e+004  3.3371e+004  4.4910e+004  5.9868e+004  4.5142e+004  4.8771e+004  3.8554e+004  4.9087e+004  3.5379e+004  5.4209e+004  3.2124e+004

 Columns 2545 through 2556:

  4.3480e+004  4.0563e+004  4.8866e+004  4.8558e+004  4.2538e+004  3.3664e+004  5.0953e+004  3.6659e+004  3.8010e+004  4.6608e+004  3.8807e+004  4.2761e+004

 Columns 2557 through 2568:

  2.9956e+004  3.7587e+004  4.6713e+004  4.3438e+004  3.4182e+004  4.3626e+004  5.5159e+004  5.1176e+004  3.6035e+004  5.2642e+004  5.2386e+004  4.0884e+004

 Columns 2569 through 2580:

  4.4510e+004  3.4989e+004  2.6831e+004  4.6571e+004  3.9990e+004  4.5472e+004  3.5113e+004  3.2794e+004  4.7099e+004  4.1516e+004  2.6993e+004  4.6969e+004

 Columns 2581 through 2592:

  3.2467e+004  5.3610e+004  3.4597e+004  3.2229e+004  4.4490e+004  4.1608e+004  3.9719e+004  4.8990e+004  5.6382e+004  4.2059e+004  4.2871e+004  4.4362e+004

 Columns 2593 through 2604:

  3.0915e+004  3.3908e+004  5.0894e+004  3.8857e+004  3.7977e+004  4.1123e+004  3.1325e+004  3.2153e+004  3.5128e+004  2.5777e+004  3.0586e+004  3.6037e+004

 Columns 2605 through 2616:

  4.9133e+004  4.6872e+004  3.5308e+004  3.9710e+004  4.2750e+004  5.4826e+004  3.3195e+004  3.7257e+004  4.5436e+004  4.2752e+004  4.5431e+004  3.5006e+004

 Columns 2617 through 2628:

  2.9707e+004  5.3842e+004  4.3058e+004  3.0542e+004  2.9172e+004  4.7160e+004  3.3123e+004  5.5379e+004  3.0589e+004  4.6162e+004  4.8608e+004  4.4297e+004

 Columns 2629 through 2640:

  4.2337e+004  3.3939e+004  5.4143e+004  4.4589e+004  3.3319e+004  3.1020e+004  4.0156e+004  5.0268e+004  5.1792e+004  3.4553e+004  4.1012e+004  4.4282e+004

 Columns 2641 through 2652:

  4.4187e+004  4.6190e+004  5.0138e+004  4.9149e+004  5.0496e+004  3.4989e+004  4.4283e+004  5.9945e+004  4.9397e+004  4.5357e+004  4.2455e+004  3.8843e+004

 Columns 2653 through 2664:

  4.5084e+004  6.2129e+004  3.5414e+004  4.2561e+004  4.0394e+004  5.0858e+004  5.0848e+004  3.3966e+004  5.5003e+004  5.1899e+004  4.9981e+004  4.2084e+004

 Columns 2665 through 2676:

  4.4607e+004  5.3966e+004  3.5926e+004  3.9706e+004  4.4890e+004  4.3194e+004  4.2086e+004  4.3344e+004  4.9378e+004  5.1516e+004  5.6485e+004  3.5493e+004

 Columns 2677 through 2688:

  5.5008e+004  4.3075e+004  4.4077e+004  4.4320e+004  2.8788e+004  3.0646e+004  4.6009e+004  5.5590e+004  5.9405e+004  4.1998e+004  4.1094e+004  5.0672e+004

 Columns 2689 through 2700:

  5.2455e+004  5.0067e+004  5.4847e+004  4.6324e+004  5.5866e+004  3.8871e+004  5.3073e+004  4.4366e+004  5.3117e+004  3.9388e+004  4.7213e+004  3.7296e+004

 Columns 2701 through 2712:

  3.1473e+004  3.4878e+004  5.1453e+004  4.0227e+004  3.4404e+004  5.4089e+004  6.2122e+004  4.5701e+004  4.9381e+004  3.9237e+004  3.4128e+004  5.3236e+004

 Columns 2713 through 2724:

  4.3246e+004  4.9901e+004  4.5477e+004  4.8404e+004  5.4464e+004  3.3387e+004  3.6811e+004  5.2577e+004  5.8397e+004  3.6800e+004  4.0547e+004  3.6440e+004

 Columns 2725 through 2736:

  4.4064e+004  4.1622e+004  4.9114e+004  5.3449e+004  5.5591e+004  5.2965e+004  4.9214e+004  5.2840e+004  4.6400e+004  3.3298e+004  3.7615e+004  3.9198e+004

 Columns 2737 through 2748:

  4.2062e+004  5.0308e+004  4.8161e+004  3.2541e+004  3.4982e+004  5.6533e+004  4.9712e+004  5.8219e+004  4.0703e+004  3.3390e+004  3.8821e+004  2.8202e+004

 Columns 2749 through 2760:

  5.5770e+004  5.7625e+004  3.2956e+004  4.2335e+004  3.5453e+004  3.9230e+004  4.6549e+004  5.6303e+004  4.6802e+004  5.2857e+004  5.2195e+004  3.8690e+004

 Columns 2761 through 2772:

  4.3824e+004  5.1105e+004  5.3362e+004  4.8633e+004  3.3707e+004  3.4341e+004  4.8658e+004  4.2346e+004  4.6421e+004  4.9350e+004  3.8900e+004  3.9856e+004

 Columns 2773 through 2784:

  4.4686e+004  5.1736e+004  4.7715e+004  5.2126e+004  4.9883e+004  4.0746e+004  4.4157e+004  3.8735e+004  4.3485e+004  5.0255e+004  4.7662e+004  5.3685e+004

 Columns 2785 through 2796:

  4.8817e+004  4.3240e+004  4.8231e+004  4.5734e+004  3.2347e+004  3.6218e+004  2.9744e+004  4.5426e+004  5.0478e+004  5.2886e+004  4.4177e+004  4.8559e+004

 Columns 2797 through 2808:

  3.5410e+004  4.5898e+004  4.5695e+004  5.0107e+004  5.4924e+004  4.9372e+004  4.7897e+004  4.5744e+004  4.8751e+004  3.2388e+004  5.1636e+004  5.1554e+004

 Columns 2809 through 2820:

  3.8819e+004  4.7271e+004  4.5426e+004  4.7969e+004  4.7308e+004  4.0515e+004  4.6022e+004  3.8594e+004  3.0763e+004  5.8575e+004  3.1847e+004  6.0856e+004

 Columns 2821 through 2832:

  5.5901e+004  4.4449e+004  4.4727e+004  4.7739e+004  4.0811e+004  4.5954e+004  5.9838e+004  3.7991e+004  3.3451e+004  5.0906e+004  4.7449e+004  5.5725e+004

 Columns 2833 through 2844:

  5.1655e+004  3.0381e+004  3.9918e+004  4.7345e+004  4.1971e+004  4.9097e+004  5.0154e+004  5.1000e+004  3.2508e+004  4.1471e+004  3.3330e+004  3.9473e+004

 Columns 2845 through 2856:

  4.9715e+004  4.7397e+004  3.0677e+004  4.1444e+004  4.9413e+004  3.8455e+004  3.7081e+004  4.0851e+004  4.5871e+004  3.7427e+004  4.9976e+004  5.1740e+004

 Columns 2857 through 2868:

  6.0861e+004  4.4369e+004  4.7881e+004  4.1166e+004  4.0443e+004  4.3346e+004  5.0166e+004  4.7542e+004  3.5033e+004  4.8623e+004  5.1823e+004  4.8866e+004

 Columns 2869 through 2880:

  5.6707e+004  3.0863e+004  4.1997e+004  4.9445e+004  6.3068e+004  4.8823e+004  4.0612e+004  5.9403e+004  4.3571e+004  3.4667e+004  5.0346e+004  4.2940e+004

 Columns 2881 through 2892:

  6.1173e+004  4.5286e+004  4.6281e+004  5.6407e+004  5.2748e+004  3.8812e+004  4.2452e+004  4.5157e+004  3.5497e+004  4.5125e+004  3.7060e+004  4.6686e+004

 Columns 2893 through 2904:

  3.7724e+004  5.8243e+004  4.8204e+004  5.2614e+004  3.5245e+004  5.0876e+004  3.4074e+004  3.4558e+004  3.7094e+004  4.2099e+004  4.0086e+004  4.3619e+004

 Columns 2905 through 2916:

  4.0905e+004  4.6357e+004  3.3341e+004  3.7924e+004  3.9152e+004  4.7049e+004  4.9229e+004  4.0031e+004  5.2968e+004  3.5377e+004  4.1278e+004  5.1088e+004

 Columns 2917 through 2928:

  4.0337e+004  4.6220e+004  3.0488e+004  3.3976e+004  3.3172e+004  4.6415e+004  3.9707e+004  3.9328e+004  4.3614e+004  3.3754e+004  4.7070e+004  4.7480e+004

 Columns 2929 through 2940:

  2.8163e+004  4.5052e+004  4.5947e+004  4.8985e+004  4.0866e+004  4.3923e+004  5.8676e+004  3.9913e+004  3.9192e+004  4.5835e+004  4.0142e+004  3.8524e+004

 Columns 2941 through 2952:

  4.1625e+004  3.9631e+004  4.5780e+004  3.0644e+004  3.5664e+004  4.1437e+004  3.1712e+004  3.1524e+004  4.6417e+004  4.5669e+004  3.5852e+004  4.6373e+004

 Columns 2953 through 2964:

  3.3587e+004  4.8086e+004  3.2526e+004  4.0747e+004  4.6572e+004  5.3133e+004  2.7441e+004  5.9661e+004  5.5165e+004  2.8265e+004  5.3754e+004  5.0377e+004

 Columns 2965 through 2976:

  4.2101e+004  3.0534e+004  4.7828e+004  5.7882e+004  4.5857e+004  6.2948e+004  4.0457e+004  3.8569e+004  3.9645e+004  3.3044e+004  3.6124e+004  5.2546e+004

 Columns 2977 through 2988:

  5.8964e+004  3.4098e+004  6.2208e+004  5.3763e+004  4.7841e+004  4.4206e+004  5.3558e+004  5.5438e+004  2.8022e+004  5.3768e+004  3.4037e+004  4.6307e+004

 Columns 2989 through 3000:

  4.4283e+004  4.3948e+004  4.7093e+004  4.1517e+004  4.3906e+004  3.8915e+004  3.4968e+004  3.3243e+004  4.9787e+004  2.9824e+004  4.1790e+004  2.9861e+004

 Columns 3001 through 3012:

  5.0022e+004  3.4024e+004  4.8363e+004  4.7676e+004  4.3975e+004  4.3285e+004  5.3620e+004  5.3229e+004  4.8166e+004  5.9835e+004  4.9703e+004  4.7746e+004

 Columns 3013 through 3024:

  4.8709e+004  5.3725e+004  4.5656e+004  5.5871e+004  5.6906e+004  5.8392e+004  4.0668e+004  3.8368e+004  5.0742e+004  5.9377e+004  4.8962e+004  5.0661e+004

 Columns 3025 through 3036:

  3.4793e+004  5.0840e+004  3.6684e+004  5.1994e+004  5.0154e+004  5.1184e+004  4.9175e+004  4.8347e+004  4.5785e+004  5.2044e+004  3.0968e+004  5.3998e+004

 Columns 3037 through 3048:

  4.1090e+004  5.4745e+004  4.0884e+004  5.3921e+004  5.0078e+004  5.7722e+004  3.0695e+004  3.4833e+004  4.9959e+004  3.9930e+004  4.5922e+004  4.0810e+004

 Columns 3049 through 3060:

  3.2748e+004  4.1549e+004  3.0336e+004  3.6478e+004  4.5491e+004  4.3371e+004  3.3389e+004  3.9905e+004  3.0880e+004  5.4283e+004  4.9805e+004  3.3821e+004

 Columns 3061 through 3072:

  3.0101e+004  5.2807e+004  5.1387e+004  5.2055e+004  5.1293e+004  5.1621e+004  5.3591e+004  4.2341e+004  4.4231e+004  4.0898e+004  2.7880e+004  5.2159e+004

 Columns 3073 through 3084:

  5.4783e+004  4.5358e+004  3.8754e+004  5.2930e+004  5.5276e+004  5.6543e+004  2.8976e+004  4.1430e+004  4.6805e+004  2.9360e+004  5.3178e+004  3.3555e+004

 Columns 3085 through 3096:

  3.7491e+004  3.3774e+004  5.3152e+004  4.1090e+004  3.8247e+004  4.9141e+004  3.5899e+004  4.7434e+004  4.2005e+004  4.0325e+004  4.4868e+004  4.6213e+004

 Columns 3097 through 3108:

  3.6015e+004  4.8613e+004  5.2015e+004  3.9452e+004  4.4590e+004  3.7853e+004  3.8014e+004  3.7000e+004  4.9931e+004  4.9352e+004  3.2912e+004  4.6028e+004

 Columns 3109 through 3120:

  5.5207e+004  3.1861e+004  5.2983e+004  4.7428e+004  5.1409e+004  4.5384e+004  4.0421e+004  4.0647e+004  5.2765e+004  4.9513e+004  5.8944e+004  5.0342e+004

 Columns 3121 through 3132:

  4.1482e+004  4.6274e+004  6.0713e+004  5.8359e+004  5.0459e+004  4.1659e+004  5.2089e+004  4.9898e+004  5.1071e+004  5.0240e+004  4.4403e+004  3.3863e+004

 Columns 3133 through 3144:

  4.8266e+004  5.3893e+004  4.8297e+004  3.7649e+004  5.9349e+004  4.7994e+004  4.8730e+004  4.7217e+004  4.6439e+004  4.2604e+004  5.2014e+004  3.5058e+004

 Columns 3145 through 3156:

  4.1941e+004  3.8338e+004  3.8060e+004  3.2498e+004  4.4312e+004  4.7381e+004  4.0120e+004  4.6586e+004  5.5556e+004  4.2349e+004  4.5627e+004  5.6607e+004

 Columns 3157 through 3168:

  3.3847e+004  5.4409e+004  4.2140e+004  4.5126e+004  3.4577e+004  4.3606e+004  5.4176e+004  5.4278e+004  5.4204e+004  4.5780e+004  5.5522e+004  4.7513e+004

 Columns 3169 through 3180:

  4.4494e+004  5.4311e+004  5.0839e+004  5.0638e+004  4.3644e+004  3.2874e+004  2.9649e+004  3.2554e+004  5.3461e+004  4.3198e+004  5.2623e+004  5.2575e+004

 Columns 3181 through 3192:

  5.7260e+004  5.0615e+004  4.3078e+004  4.9559e+004  3.5386e+004  4.1573e+004  4.3094e+004  5.2114e+004  3.8799e+004  4.3500e+004  3.1568e+004  4.8987e+004

 Columns 3193 through 3204:

  4.6702e+004  4.2224e+004  4.8725e+004  5.0934e+004  4.4924e+004  4.2539e+004  5.5437e+004  3.9472e+004  5.7662e+004  4.8026e+004  4.6864e+004  4.1819e+004

 Columns 3205 through 3216:

  3.3308e+004  5.3719e+004  4.2178e+004  4.3777e+004  5.7825e+004  4.6480e+004  5.5621e+004  4.6511e+004  4.5571e+004  3.3433e+004  4.1940e+004  5.7799e+004

 Columns 3217 through 3228:

  4.0358e+004  4.1305e+004  5.7170e+004  5.5126e+004  5.2890e+004  5.3050e+004  4.7224e+004  5.5694e+004  4.7251e+004  5.0542e+004  4.2571e+004  4.5660e+004

 Columns 3229 through 3240:

  4.4697e+004  3.5072e+004  5.4143e+004  5.4619e+004  4.9091e+004  4.6194e+004  4.7733e+004  5.7388e+004  2.7969e+004  3.9212e+004  5.2277e+004  5.2879e+004

 Columns 3241 through 3252:

  4.7363e+004  5.1785e+004  5.0658e+004  5.3383e+004  4.6310e+004  4.0401e+004  5.4503e+004  5.2670e+004  3.5859e+004  4.0242e+004  5.3240e+004  4.5642e+004

 Columns 3253 through 3264:

  3.5314e+004  4.2499e+004  5.4572e+004  5.4934e+004  4.4136e+004  6.0452e+004  4.7228e+004  5.7973e+004  2.9212e+004  5.1217e+004  5.6227e+004  3.0917e+004

 Columns 3265 through 3276:

  4.5266e+004  4.7156e+004  5.3568e+004  4.4128e+004  5.3881e+004  5.8913e+004  5.0068e+004  5.2217e+004  4.1787e+004  4.5569e+004  5.8976e+004  4.8820e+004

 Columns 3277 through 3288:

  3.7404e+004  4.4910e+004  5.8704e+004  4.4538e+004  4.5684e+004  5.6266e+004  4.8374e+004  5.7179e+004  5.3672e+004  4.5078e+004  5.0819e+004  5.7059e+004

 Columns 3289 through 3300:

  4.5412e+004  6.0448e+004  4.6395e+004  3.9526e+004  4.7070e+004  3.4068e+004  3.2087e+004  5.2329e+004  4.4121e+004  5.2035e+004  4.7928e+004  5.2284e+004

 Columns 3301 through 3312:

  4.3634e+004  5.1480e+004  3.5745e+004  4.6601e+004  4.2316e+004  5.2613e+004  4.0821e+004  5.2561e+004  3.7471e+004  4.3627e+004  4.3201e+004  5.0845e+004

 Columns 3313 through 3324:

  4.3480e+004  3.8504e+004  4.3157e+004  4.2690e+004  3.9955e+004  4.6919e+004  4.3563e+004  4.0693e+004  3.4596e+004  4.2644e+004  3.8358e+004  3.7913e+004

 Columns 3325 through 3336:

  5.1000e+004  4.1933e+004  3.5248e+004  4.2872e+004  2.9794e+004  4.6829e+004  4.3235e+004  5.4408e+004  3.8670e+004  4.5841e+004  4.3322e+004  4.7402e+004

 Columns 3337 through 3348:

  4.5286e+004  3.9882e+004  3.5838e+004  4.5428e+004  4.8991e+004  2.7851e+004  4.9017e+004  4.9864e+004  4.8767e+004  5.6196e+004  4.9876e+004  3.3489e+004

 Columns 3349 through 3360:

  3.5517e+004  4.7805e+004  3.7465e+004  3.3581e+004  3.6336e+004  3.3691e+004  3.3947e+004  5.5720e+004  4.2776e+004  4.6506e+004  4.0749e+004  5.4948e+004

 Columns 3361 through 3372:

  3.6300e+004  4.7550e+004  5.3283e+004  4.7471e+004  3.8953e+004  4.6311e+004  4.8115e+004  4.3982e+004  4.5985e+004  3.5674e+004  4.8809e+004  4.6939e+004

 Columns 3373 through 3384:

  4.6987e+004  3.1018e+004  3.9184e+004  3.9862e+004  3.9810e+004  5.2114e+004  4.7642e+004  4.9579e+004  4.1875e+004  3.8732e+004  3.2763e+004  4.6120e+004

 Columns 3385 through 3396:

  5.3363e+004  5.9100e+004  4.5144e+004  4.1688e+004  5.6931e+004  5.5029e+004  5.7446e+004  4.9007e+004  4.5245e+004  5.3761e+004  4.6455e+004  4.5935e+004

 Columns 3397 through 3408:

  5.9109e+004  5.5374e+004  4.5652e+004  4.3247e+004  3.3537e+004  5.4940e+004  5.3733e+004  4.3968e+004  5.2721e+004  5.3228e+004  3.9765e+004  4.5263e+004

 Columns 3409 through 3420:

  4.0928e+004  5.4767e+004  4.5671e+004  3.8351e+004  5.6066e+004  5.2356e+004  4.3149e+004  3.9390e+004  5.6116e+004  4.1039e+004  3.5019e+004  5.5789e+004

 Columns 3421 through 3432:

  2.9792e+004  5.3971e+004  5.2815e+004  4.4128e+004  4.3690e+004  3.9734e+004  3.8251e+004  4.9766e+004  3.9472e+004  5.0927e+004  5.4365e+004  4.1816e+004

 Columns 3433 through 3444:

  5.3455e+004  3.8483e+004  4.5695e+004  3.4117e+004  3.1464e+004  3.8826e+004  4.3671e+004  5.7686e+004  4.2944e+004  2.7458e+004  4.4563e+004  3.7111e+004

 Columns 3445 through 3456:

  4.4511e+004  5.0922e+004  4.9901e+004  4.8296e+004  5.1300e+004  5.4038e+004  5.2259e+004  3.7905e+004  5.9764e+004  5.5631e+004  5.3884e+004  4.7777e+004

 Columns 3457 through 3468:

  3.8085e+004  3.1388e+004  4.7972e+004  4.3745e+004  5.6816e+004  5.2617e+004  4.1100e+004  4.0221e+004  5.8434e+004  5.9458e+004  2.9721e+004  5.7759e+004

 Columns 3469 through 3480:

  5.9235e+004  5.5559e+004  4.9458e+004  4.5775e+004  6.0014e+004  3.3227e+004  5.7636e+004  4.1173e+004  4.3380e+004  4.6299e+004  6.1104e+004  4.7181e+004

 Columns 3481 through 3492:

  3.4823e+004  5.1324e+004  3.1722e+004  5.0620e+004  4.3781e+004  3.4829e+004  3.4980e+004  3.9518e+004  4.9688e+004  5.1370e+004  5.7348e+004  5.1400e+004

 Columns 3493 through 3504:

  5.2805e+004  4.9069e+004  5.9229e+004  4.7775e+004  4.3215e+004  4.2557e+004  5.7230e+004  5.1180e+004  4.2297e+004  2.8342e+004  4.4267e+004  3.7891e+004

 Columns 3505 through 3516:

  5.4417e+004  4.1812e+004  4.0123e+004  5.0535e+004  4.8159e+004  5.0160e+004  4.0184e+004  5.4049e+004  5.7135e+004  3.9226e+004  3.4404e+004  2.8350e+004

 Columns 3517 through 3528:

  3.2154e+004  3.6500e+004  5.2056e+004  4.6307e+004  5.0636e+004  3.0402e+004  6.1294e+004  5.0506e+004  5.1828e+004  5.0525e+004  4.2573e+004  5.9449e+004

 Columns 3529 through 3540:

  5.8533e+004  5.2732e+004  4.8129e+004  5.3741e+004  4.0920e+004  5.5089e+004  3.6312e+004  5.4805e+004  4.8470e+004  3.1026e+004  5.0479e+004  5.3091e+004

 Columns 3541 through 3552:

  3.6861e+004  5.7798e+004  5.1135e+004  4.6731e+004  4.3690e+004  3.4055e+004  3.7242e+004  6.6050e+004  3.2386e+004  4.1814e+004  5.7221e+004  3.4875e+004

 Columns 3553 through 3564:

  5.4818e+004  3.9891e+004  3.5131e+004  3.9520e+004  6.3021e+004  3.5565e+004  5.7016e+004  5.7028e+004  3.7813e+004  4.6840e+004  3.7373e+004  3.0471e+004

 Columns 3565 through 3576:

  5.6141e+004  5.7803e+004  5.0311e+004  3.8334e+004  4.7726e+004  5.5240e+004  3.1942e+004  5.7871e+004  5.7141e+004  6.0024e+004  5.6661e+004  4.9549e+004

 Columns 3577 through 3588:

  5.5140e+004  6.3925e+004  3.6248e+004  4.7447e+004  4.4466e+004  5.1977e+004  6.3982e+004  4.3743e+004  5.1245e+004  5.6208e+004  5.2057e+004  5.3696e+004

 Columns 3589 through 3600:

  4.5171e+004  4.5047e+004  5.7793e+004  5.5449e+004  4.3815e+004  5.9829e+004  5.3083e+004  3.0210e+004  4.1614e+004  4.7626e+004  5.7192e+004  5.1002e+004

 Columns 3601 through 3612:

  6.0337e+004  3.9814e+004  5.3766e+004  3.4989e+004  5.1845e+004  3.7052e+004  5.3470e+004  4.6419e+004  5.0060e+004  4.4105e+004  5.9333e+004  3.4712e+004

 Columns 3613 through 3624:

  4.8600e+004  3.6167e+004  5.5016e+004  6.1899e+004  3.5486e+004  4.4115e+004  4.0757e+004  3.3414e+004  5.0121e+004  3.0668e+004  4.9116e+004  3.7848e+004

 Columns 3625 through 3636:

  6.2111e+004  3.5654e+004  5.5505e+004  3.1779e+004  5.2654e+004  2.7349e+004  3.6230e+004  5.3171e+004  3.7188e+004  4.1643e+004  3.1014e+004  3.6079e+004

 Columns 3637 through 3648:

  4.1620e+004  5.2731e+004  3.8087e+004  3.7298e+004  5.4539e+004  5.4559e+004  5.0036e+004  6.0302e+004  4.5974e+004  5.6403e+004  5.9958e+004  5.1965e+004

 Columns 3649 through 3660:

  5.6450e+004  4.9419e+004  4.2447e+004  5.3182e+004  3.8305e+004  5.1234e+004  4.1209e+004  6.0182e+004  4.6549e+004  6.7326e+004  5.1569e+004  4.3917e+004

 Columns 3661 through 3672:

  2.9730e+004  5.0588e+004  5.4517e+004  5.9056e+004  2.9228e+004  5.9792e+004  4.5976e+004  4.5608e+004  3.7499e+004  4.3602e+004  5.7350e+004  5.3316e+004

 Columns 3673 through 3684:

  5.5570e+004  5.2806e+004  4.8405e+004  4.1752e+004  5.5707e+004  4.9711e+004  5.2591e+004  4.9537e+004  4.5871e+004  5.2203e+004  4.7503e+004  2.8253e+004

 Columns 3685 through 3696:

  5.4576e+004  3.8688e+004  2.8597e+004  4.3745e+004  5.7297e+004  5.0455e+004  2.9440e+004  5.3371e+004  3.3250e+004  5.5887e+004  5.5278e+004  5.4363e+004

 Columns 3697 through 3708:

  5.3229e+004  5.5909e+004  5.5047e+004  4.9385e+004  5.0017e+004  2.5859e+004  4.9465e+004  4.8288e+004  3.7063e+004  5.5961e+004  3.8746e+004  5.7073e+004

 Columns 3709 through 3720:

  3.3151e+004  5.9696e+004  4.4419e+004  5.2798e+004  4.4052e+004  6.2434e+004  4.6026e+004  5.8853e+004  6.1661e+004  4.9027e+004  4.0181e+004  5.4932e+004

 Columns 3721 through 3732:

  4.9645e+004  4.2009e+004  3.8089e+004  5.3454e+004  6.1332e+004  3.4604e+004  3.3287e+004  5.5568e+004  5.5599e+004  5.1583e+004  4.5058e+004  5.7301e+004

 Columns 3733 through 3744:

  3.0564e+004  6.2774e+004  5.5157e+004  4.8349e+004  3.8138e+004  5.4919e+004  3.5551e+004  6.4360e+004  5.5145e+004  6.1077e+004  5.2076e+004  3.6608e+004

 Columns 3745 through 3756:

  5.6927e+004  5.4244e+004  3.6586e+004  5.9703e+004  5.8776e+004  4.6893e+004  3.9990e+004  4.2179e+004  5.9986e+004  3.3867e+004  5.7085e+004  6.0899e+004

 Columns 3757 through 3768:

  4.9940e+004  4.2206e+004  5.5815e+004  4.3384e+004  3.5893e+004  5.3249e+004  4.5336e+004  5.2793e+004  4.1775e+004  4.8073e+004  3.5917e+004  3.9569e+004

 Columns 3769 through 3780:

  4.5645e+004  3.9494e+004  4.9601e+004  4.3776e+004  3.5222e+004  4.0617e+004  4.0281e+004  3.5469e+004  4.6567e+004  4.3818e+004  5.7422e+004  4.8296e+004

 Columns 3781 through 3792:

  5.3833e+004  3.8222e+004  4.2044e+004  5.4156e+004  6.0610e+004  3.7461e+004  5.2260e+004  3.6877e+004  3.3322e+004  5.7390e+004  6.3540e+004  4.0635e+004

 Columns 3793 through 3804:

  4.1042e+004  5.1281e+004  4.7798e+004  3.7923e+004  5.9494e+004  5.7698e+004  4.9227e+004  3.5789e+004  5.9904e+004  4.4993e+004  6.2615e+004  5.5185e+004

 Columns 3805 through 3816:

  4.7248e+004  4.5221e+004  4.3589e+004  5.1850e+004  6.1928e+004  5.3821e+004  5.0979e+004  3.3393e+004  5.9969e+004  4.3829e+004  6.4600e+004  5.9748e+004

 Columns 3817 through 3828:

  5.8448e+004  5.1388e+004  5.5661e+004  4.8795e+004  5.6433e+004  4.2278e+004  6.0371e+004  2.8443e+004  4.9200e+004  5.1686e+004  5.5053e+004  4.9402e+004

 Columns 3829 through 3840:

  4.3025e+004  5.5276e+004  2.8252e+004  5.8109e+004  3.1867e+004  3.4138e+004  4.2902e+004  5.5674e+004  5.3377e+004  5.3105e+004  2.9612e+004  5.9320e+004

 Columns 3841 through 3852:

  4.9023e+004  4.8547e+004  5.3767e+004  4.5435e+004  5.6617e+004  3.5700e+004  5.2481e+004  5.9832e+004  5.8720e+004  5.6715e+004  5.0648e+004  5.5778e+004

 Columns 3853 through 3864:

  5.6464e+004  2.9173e+004  5.8424e+004  4.2886e+004  3.9646e+004  4.9504e+004  4.6610e+004  5.4594e+004  5.3833e+004  5.4509e+004  5.7318e+004  5.9738e+004

 Columns 3865 through 3876:

  5.9359e+004  5.8013e+004  5.1550e+004  3.8449e+004  4.4938e+004  3.3318e+004  6.6121e+004  4.1171e+004  5.2058e+004  4.0456e+004  5.0980e+004  5.3814e+004

 Columns 3877 through 3888:

  5.7405e+004  3.1355e+004  4.3337e+004  5.7633e+004  5.0584e+004  5.5650e+004  4.4521e+004  3.1322e+004  5.2562e+004  3.9511e+004  5.1651e+004  3.6852e+004

 Columns 3889 through 3900:

  4.6812e+004  4.2744e+004  4.7454e+004  4.7614e+004  3.6584e+004  4.8778e+004  4.5957e+004  3.0827e+004  4.0151e+004  4.3640e+004  4.0435e+004  4.4206e+004

 Columns 3901 through 3912:

  4.4987e+004  5.3266e+004  4.0453e+004  4.7069e+004  5.3411e+004  4.1120e+004  5.5132e+004  3.8919e+004  3.1402e+004  2.6653e+004  4.4091e+004  5.4210e+004

 Columns 3913 through 3924:

  5.9797e+004  3.3198e+004  5.6932e+004  4.6180e+004  4.5624e+004  3.7658e+004  3.9533e+004  5.6284e+004  6.4020e+004  4.0325e+004  5.5024e+004  5.5062e+004

 Columns 3925 through 3936:

  3.6968e+004  5.8356e+004  4.5883e+004  3.7217e+004  4.3463e+004  4.0902e+004  4.0388e+004  6.2265e+004  4.0237e+004  5.3079e+004  5.4552e+004  4.4682e+004

 Columns 3937 through 3948:

  4.4410e+004  4.0800e+004  4.8686e+004  3.9845e+004  3.8434e+004  4.5145e+004  3.8341e+004  4.3222e+004  4.9269e+004  5.4104e+004  4.6691e+004  3.9259e+004

 Columns 3949 through 3960:

  5.0722e+004  4.6143e+004  4.8080e+004  3.6526e+004  5.7072e+004  4.5357e+004  4.7228e+004  3.4578e+004  4.8981e+004  5.1414e+004  6.0426e+004  5.3597e+004

 Columns 3961 through 3972:

  4.7427e+004  3.6127e+004  3.8197e+004  4.4304e+004  5.1491e+004  6.0099e+004  3.9525e+004  3.4011e+004  5.1067e+004  5.0753e+004  3.9027e+004  3.4380e+004

 Columns 3973 through 3984:

  3.4416e+004  5.6406e+004  4.6228e+004  4.6519e+004  5.3712e+004  4.5749e+004  4.4837e+004  4.6111e+004  4.2675e+004  3.8957e+004  5.0739e+004  4.0193e+004

 Columns 3985 through 3996:

  5.6269e+004  3.8147e+004  5.1643e+004  4.8321e+004  5.8729e+004  4.1085e+004  5.9836e+004  4.9608e+004  4.5078e+004  5.4217e+004  4.2834e+004  5.4522e+004

 Columns 3997 through 4008:

  4.0555e+004  3.8885e+004  5.8582e+004  5.2639e+004  4.1726e+004  3.8587e+004  4.9527e+004  3.8842e+004  3.4212e+004  4.2418e+004  4.8683e+004  5.0197e+004

 Columns 4009 through 4020:

  4.5122e+004  3.3001e+004  4.3283e+004  4.5581e+004  2.8473e+004  4.5821e+004  4.5176e+004  3.3694e+004  4.2522e+004  2.9563e+004  5.2254e+004  5.5610e+004

 Columns 4021 through 4032:

  4.5030e+004  3.0737e+004  4.3650e+004  5.6674e+004  4.3222e+004  4.2220e+004  4.0653e+004  3.4339e+004  3.7393e+004  5.3996e+004  3.3488e+004  4.7814e+004

 Columns 4033 through 4044:

  2.4456e+004  3.8005e+004  5.3281e+004  4.4828e+004  3.6101e+004  3.3558e+004  5.0443e+004  3.3186e+004  3.3262e+004  3.1300e+004  3.9756e+004  4.7927e+004

 Columns 4045 through 4056:

  4.4909e+004  3.4408e+004  5.5110e+004  4.3248e+004  3.5515e+004  2.9516e+004  4.9754e+004  2.9406e+004  3.4728e+004  4.3302e+004  3.7311e+004  4.3840e+004

 Columns 4057 through 4068:

  3.7739e+004  3.0127e+004  4.0881e+004  3.9921e+004  5.2765e+004  2.9814e+004  3.3874e+004  5.4389e+004  5.5561e+004  5.5920e+004  5.3818e+004  4.6762e+004

 Columns 4069 through 4080:

  5.6122e+004  2.8568e+004  5.6698e+004  3.3008e+004  4.2625e+004  3.2963e+004  5.3851e+004  5.9785e+004  3.1405e+004  4.6572e+004  3.7992e+004  4.8559e+004

 Columns 4081 through 4092:

  4.2291e+004  5.7224e+004  5.7368e+004  3.0263e+004  4.1227e+004  5.1545e+004  5.6238e+004  3.0072e+004  4.0648e+004  4.5726e+004  3.9682e+004  4.3849e+004

 Columns 4093 through 4104:

  3.4697e+004  3.9533e+004  4.2747e+004  3.4911e+004  5.4470e+004  3.6147e+004  4.5572e+004  6.0040e+004  2.7815e+004  4.7563e+004  3.3152e+004  5.5863e+004

 Columns 4105 through 4116:

  5.3660e+004  5.0946e+004  3.0365e+004  4.0879e+004  3.6828e+004  4.8775e+004  3.1142e+004  5.4111e+004  4.0447e+004  6.0458e+004  5.7278e+004  5.0255e+004

 Columns 4117 through 4128:

  3.9814e+004  5.4771e+004  4.6912e+004  4.6455e+004  5.0802e+004  3.9431e+004  4.5615e+004  4.4139e+004  5.2588e+004  3.0606e+004  3.3922e+004  3.6139e+004

 Columns 4129 through 4140:

  4.7359e+004  4.1431e+004  3.3658e+004  3.8962e+004  4.5365e+004  5.9088e+004  5.5144e+004  3.5091e+004  3.8006e+004  4.6825e+004  4.9511e+004  4.0766e+004

 Columns 4141 through 4152:

  3.0458e+004  4.2649e+004  4.6601e+004  5.0161e+004  5.1708e+004  3.6328e+004  5.3569e+004  5.0489e+004  4.9989e+004  2.7492e+004  3.9714e+004  4.5809e+004

 Columns 4153 through 4164:

  3.6017e+004  3.8718e+004  4.7446e+004  5.4263e+004  5.4070e+004  4.1389e+004  4.8572e+004  5.5685e+004  3.2835e+004  5.5547e+004  5.3231e+004  4.2512e+004

 Columns 4165 through 4176:

  5.2179e+004  4.2918e+004  4.1199e+004  5.3678e+004  3.0645e+004  3.3064e+004  4.6729e+004  4.2230e+004  4.6082e+004  4.7787e+004  4.6480e+004  3.7315e+004

 Columns 4177 through 4188:

  5.0364e+004  2.9791e+004  5.1641e+004  4.8998e+004  5.9240e+004  5.9215e+004  3.8601e+004  3.3238e+004  5.5565e+004  4.9797e+004  5.7373e+004  4.2978e+004

 Columns 4189 through 4200:

  4.6107e+004  4.5681e+004  3.7671e+004  5.0937e+004  4.3529e+004  5.8494e+004  3.3454e+004  3.4126e+004  5.1073e+004  3.4642e+004  4.8418e+004  5.2923e+004

 Columns 4201 through 4212:

  5.5049e+004  4.8418e+004  2.9674e+004  4.5306e+004  3.8829e+004  4.3020e+004  3.4221e+004  5.5009e+004  4.3098e+004  3.5525e+004  3.4393e+004  4.2318e+004

 Columns 4213 through 4224:

  4.1524e+004  5.0869e+004  4.8418e+004  3.4429e+004  2.6686e+004  3.7749e+004  3.5055e+004  5.1561e+004  4.4116e+004  4.1118e+004  4.6874e+004  4.4117e+004

 Columns 4225 through 4236:

  3.5212e+004  4.8029e+004  5.0730e+004  4.5890e+004  3.3727e+004  3.2992e+004  4.2927e+004  2.8550e+004  4.3695e+004  3.9985e+004  4.7878e+004  4.3032e+004

 Columns 4237 through 4248:

  4.1414e+004  2.9300e+004  5.5195e+004  5.9734e+004  4.4697e+004  4.3247e+004  3.3837e+004  3.4402e+004  4.7444e+004  4.1840e+004  4.3287e+004  3.3898e+004

 Columns 4249 through 4260:

  3.5304e+004  3.0052e+004  3.2838e+004  2.6441e+004  3.2942e+004  5.1414e+004  3.3413e+004  5.1409e+004  3.3616e+004  4.6005e+004  3.2100e+004  4.1302e+004

 Columns 4261 through 4272:

  3.1470e+004  3.2654e+004  4.9384e+004  4.5455e+004  3.6399e+004  3.0797e+004  3.5874e+004  4.6199e+004  5.3325e+004  3.3234e+004  4.3975e+004  4.6527e+004

 Columns 4273 through 4284:

  3.3245e+004  3.7842e+004  4.3091e+004  4.9969e+004  3.0139e+004  3.2898e+004  3.4206e+004  4.5885e+004  3.7735e+004  4.3324e+004  5.4501e+004  3.4636e+004

 Columns 4285 through 4296:

  5.7164e+004  3.0601e+004  3.3100e+004  4.0934e+004  3.8777e+004  3.7386e+004  4.9391e+004  3.4447e+004  3.0726e+004  3.5514e+004  3.2037e+004  4.3101e+004

 Columns 4297 through 4308:

  3.6959e+004  4.6328e+004  4.6018e+004  5.6236e+004  3.9174e+004  3.7418e+004  4.3129e+004  3.3104e+004  4.5523e+004  3.4154e+004  3.0123e+004  3.6596e+004

 Columns 4309 through 4320:

  3.5364e+004  5.0845e+004  5.0654e+004  4.8896e+004  3.8887e+004  4.3730e+004  5.2791e+004  4.5504e+004  3.9198e+004  4.4457e+004  4.9208e+004  3.1782e+004

 Columns 4321 through 4332:

  4.1694e+004  3.5420e+004  4.3766e+004  4.3727e+004  4.0578e+004  2.7700e+004  4.4660e+004  3.8268e+004  3.7406e+004  4.1679e+004  5.9895e+004  4.8905e+004

 Columns 4333 through 4344:

  4.4856e+004  4.9645e+004  5.8774e+004  4.6127e+004  4.2163e+004  4.3330e+004  3.9803e+004  5.3085e+004  4.5033e+004  4.3157e+004  4.3099e+004  2.9621e+004

 Columns 4345 through 4356:

  4.4918e+004  4.4068e+004  4.7694e+004  3.2293e+004  4.7384e+004  4.5762e+004  3.8468e+004  4.7540e+004  4.5133e+004  3.3425e+004  4.5107e+004  4.2208e+004

 Columns 4357 through 4368:

  3.9178e+004  4.0213e+004  4.3320e+004  3.4025e+004  3.2666e+004  5.1600e+004  2.9485e+004  5.0102e+004  3.1462e+004  5.0751e+004  4.0394e+004  3.2440e+004

 Columns 4369 through 4380:

  4.6163e+004  4.9339e+004  4.1191e+004  3.0370e+004  4.6088e+004  2.7718e+004  3.3121e+004  4.7387e+004  4.1271e+004  5.8205e+004  4.2205e+004  3.2868e+004

 Columns 4381 through 4392:

  4.0804e+004  4.3452e+004  3.7490e+004  4.5212e+004  3.7093e+004  3.8142e+004  5.1854e+004  3.5463e+004  5.2723e+004  3.6307e+004  3.7225e+004  3.9276e+004

 Columns 4393 through 4404:

  3.6318e+004  2.7621e+004  5.0449e+004  2.7964e+004  5.0139e+004  4.0768e+004  4.8944e+004  4.7047e+004  4.0718e+004  4.9836e+004  3.4001e+004  4.5189e+004

 Columns 4405 through 4416:

  3.6615e+004  4.3217e+004  3.8044e+004  4.8262e+004  3.3931e+004  3.4294e+004  4.3585e+004  4.5426e+004  3.4931e+004  5.3903e+004  4.2483e+004  3.2291e+004

 Columns 4417 through 4428:

  4.0316e+004  4.3115e+004  5.2013e+004  4.7560e+004  3.8729e+004  4.2713e+004  2.9574e+004  4.3456e+004  4.6379e+004  4.5305e+004  5.4407e+004  5.6579e+004

 Columns 4429 through 4440:

  2.7117e+004  3.5716e+004  3.4812e+004  5.4133e+004  5.8949e+004  4.7787e+004  4.1030e+004  5.7733e+004  3.8174e+004  5.8613e+004  3.2322e+004  5.6764e+004

 Columns 4441 through 4452:

  4.3393e+004  4.9114e+004  3.8840e+004  3.7361e+004  3.6880e+004  3.4200e+004  3.6256e+004  3.2881e+004  3.6461e+004  4.0487e+004  4.2760e+004  4.6343e+004

 Columns 4453 through 4464:

  3.0470e+004  5.0094e+004  3.2560e+004  2.9951e+004  3.5390e+004  4.4026e+004  5.6145e+004  4.9643e+004  3.3448e+004  3.8748e+004  5.2099e+004  4.9472e+004

 Columns 4465 through 4476:

  3.6880e+004  3.5833e+004  4.6870e+004  2.8875e+004  5.3850e+004  4.3289e+004  4.6955e+004  2.7674e+004  5.4577e+004  3.2451e+004  4.7614e+004  5.7996e+004

 Columns 4477 through 4488:

  3.8059e+004  3.1224e+004  3.7413e+004  4.7253e+004  5.0683e+004  3.7372e+004  4.9244e+004  5.1078e+004  4.0642e+004  3.9569e+004  3.7926e+004  4.4265e+004

 Columns 4489 through 4500:

  4.5208e+004  5.4198e+004  3.1351e+004  4.1689e+004  4.2689e+004  5.5583e+004  2.8442e+004  5.2497e+004  3.9486e+004  4.6799e+004  3.0492e+004  5.6170e+004

 Columns 4501 through 4512:

  4.5214e+004  3.4522e+004  3.2610e+004  3.8118e+004  4.0086e+004  5.1150e+004  2.8098e+004  4.4115e+004  4.3154e+004  2.7349e+004  4.6710e+004  4.8786e+004

 Columns 4513 through 4524:

  4.8579e+004  4.0532e+004  4.2738e+004  3.6446e+004  4.3382e+004  4.7747e+004  4.8589e+004  3.3070e+004  3.9129e+004  4.8081e+004  4.4652e+004  4.2471e+004

 Columns 4525 through 4536:

  4.0816e+004  3.7603e+004  3.7843e+004  4.0189e+004  4.3760e+004  3.0394e+004  3.9748e+004  3.5927e+004  4.0523e+004  4.6465e+004  4.0059e+004  3.9572e+004

 Columns 4537 through 4548:

  3.8858e+004  3.3789e+004  4.4337e+004  4.1554e+004  3.3795e+004  3.6401e+004  5.2687e+004  4.4240e+004  4.1652e+004  4.0577e+004  4.6166e+004  4.5991e+004

 Columns 4549 through 4560:

  4.4513e+004  3.4987e+004  4.3891e+004  4.2865e+004  4.8529e+004  3.4168e+004  4.5267e+004  3.8275e+004  4.4747e+004  4.6701e+004  3.8964e+004  4.8440e+004

 Columns 4561 through 4572:

  3.9375e+004  4.5220e+004  4.0680e+004  3.5627e+004  3.9065e+004  4.0523e+004  3.9989e+004  4.5472e+004  3.0640e+004  3.0753e+004  3.5326e+004  4.9475e+004

 Columns 4573 through 4584:

  3.5460e+004  5.4711e+004  5.0568e+004  4.3328e+004  3.0832e+004  4.9189e+004  4.8222e+004  5.0664e+004  4.4272e+004  3.1704e+004  2.6328e+004  4.4905e+004

 Columns 4585 through 4596:

  3.9945e+004  4.4178e+004  5.4426e+004  3.5303e+004  4.5545e+004  3.6807e+004  2.9909e+004  4.7084e+004  3.1963e+004  3.4968e+004  4.2950e+004  4.1329e+004

 Columns 4597 through 4608:

  4.2475e+004  4.5297e+004  3.0548e+004  4.0483e+004  3.3069e+004  3.4772e+004  3.9105e+004  4.0361e+004  4.3282e+004  4.5336e+004  3.6512e+004  3.5761e+004

 Columns 4609 through 4620:

  5.5961e+004  4.8630e+004  3.7542e+004  3.7091e+004  3.5703e+004  5.1399e+004  4.3957e+004  5.2755e+004  5.3652e+004  4.8379e+004  4.7556e+004  3.3554e+004

 Columns 4621 through 4632:

  4.1126e+004  4.1761e+004  3.9030e+004  4.0549e+004  3.7495e+004  3.9966e+004  5.3492e+004  2.7487e+004  3.3533e+004  5.0285e+004  4.4247e+004  4.7984e+004

 Columns 4633 through 4644:

  4.1552e+004  5.1533e+004  3.8867e+004  4.3250e+004  3.7578e+004  5.1133e+004  3.4554e+004  3.4468e+004  3.9238e+004  4.8063e+004  4.2266e+004  4.5819e+004

 Columns 4645 through 4656:

  4.0602e+004  3.2319e+004  3.4932e+004  4.2860e+004  3.6225e+004  3.1902e+004  4.4637e+004  5.0651e+004  4.4127e+004  4.0111e+004  4.7983e+004  2.9726e+004

 Columns 4657 through 4668:

  2.6981e+004  4.3245e+004  4.4979e+004  3.9949e+004  5.1097e+004  4.6587e+004  3.5983e+004  4.8394e+004  4.3590e+004  4.2222e+004  4.1157e+004  3.9840e+004

 Columns 4669 through 4680:

  4.6951e+004  4.6379e+004  4.6948e+004  5.1938e+004  3.0533e+004  3.6162e+004  4.9524e+004  4.6659e+004  4.0710e+004  4.4344e+004  3.4454e+004  4.9150e+004

 Columns 4681 through 4692:

  4.2177e+004  3.2336e+004  4.8970e+004  3.9099e+004  4.4149e+004  4.7374e+004  3.9825e+004  4.3014e+004  3.6595e+004  3.2078e+004  3.1958e+004  4.5494e+004

 Columns 4693 through 4704:

  2.9413e+004  4.0850e+004  4.1108e+004  4.4500e+004  4.3998e+004  5.1753e+004  5.2295e+004  4.5693e+004  3.8189e+004  4.0859e+004  4.6464e+004  3.1428e+004

 Columns 4705 through 4716:

  5.0332e+004  3.2289e+004  4.1825e+004  3.9114e+004  3.1532e+004  4.4688e+004  4.1777e+004  3.8081e+004  4.5335e+004  4.2224e+004  4.4913e+004  4.5898e+004

 Columns 4717 through 4728:

  4.7477e+004  3.4457e+004  4.5870e+004  4.0589e+004  4.3199e+004  4.5328e+004  4.0448e+004  4.2815e+004  4.0826e+004  4.1197e+004  3.9782e+004  4.4822e+004

 Columns 4729 through 4740:

  4.4164e+004  4.5972e+004  4.2767e+004  4.4878e+004  4.6925e+004  3.4670e+004  4.1123e+004  4.7856e+004  3.5551e+004  4.0088e+004  4.5631e+004  3.3070e+004

 Columns 4741 through 4752:

  4.8391e+004  4.8015e+004  4.8366e+004  4.9588e+004  4.7467e+004  4.9174e+004  4.1547e+004  4.6898e+004  4.4151e+004  4.4352e+004  4.7344e+004  4.7743e+004

 Columns 4753 through 4764:

  3.6294e+004  2.9851e+004  3.9718e+004  3.9722e+004  4.8427e+004  5.0905e+004  4.0916e+004  4.7000e+004  4.5796e+004  5.1790e+004  4.9255e+004  5.0260e+004

 Columns 4765 through 4776:

  4.1519e+004  3.4326e+004  3.4794e+004  3.6811e+004  3.6205e+004  3.3389e+004  3.9820e+004  4.7340e+004  3.2674e+004  4.7014e+004  2.8510e+004  4.7803e+004

 Columns 4777 through 4788:

  3.3969e+004  4.9598e+004  3.5723e+004  4.5745e+004  4.3056e+004  3.0619e+004  3.7390e+004  3.8950e+004  4.4823e+004  3.5635e+004  3.6486e+004  3.7925e+004

 Columns 4789 through 4800:

  4.0495e+004  4.4714e+004  2.8315e+004  3.6261e+004  3.8841e+004  3.2618e+004  4.1606e+004  3.7138e+004  3.9291e+004  3.7794e+004  4.7775e+004  3.6159e+004

 Columns 4801 through 4812:

  4.4317e+004  2.9527e+004  3.9081e+004  3.5435e+004  3.6606e+004  4.1960e+004  3.8905e+004  4.1329e+004  4.6360e+004  3.3457e+004  3.0123e+004  3.8344e+004

 Columns 4813 through 4824:

  4.1249e+004  4.1047e+004  4.9451e+004  4.5572e+004  4.9038e+004  3.5677e+004  4.3456e+004  3.0260e+004  4.5143e+004  4.6937e+004  4.7111e+004  4.5588e+004

 Columns 4825 through 4836:

  3.1687e+004  3.3856e+004  4.2405e+004  4.6193e+004  4.0821e+004  3.9158e+004  3.3361e+004  3.8093e+004  4.3724e+004  3.6133e+004  3.1140e+004  3.9263e+004

 Columns 4837 through 4848:

  4.9890e+004  4.1264e+004  4.4472e+004  4.5964e+004  4.2289e+004  4.6943e+004  3.4814e+004  3.6459e+004  3.2787e+004  3.2786e+004  4.0129e+004  4.5171e+004

 Columns 4849 through 4860:

  4.3406e+004  3.7136e+004  4.6747e+004  4.7139e+004  3.3086e+004  3.6635e+004  3.5575e+004  3.5704e+004  3.4222e+004  4.8579e+004  4.1536e+004  5.2261e+004

 Columns 4861 through 4872:

  2.9473e+004  4.4927e+004  4.0873e+004  3.7100e+004  4.2801e+004  3.2446e+004  4.4601e+004  3.5357e+004  4.3803e+004  4.1828e+004  4.7223e+004  4.4367e+004

 Columns 4873 through 4884:

  4.9735e+004  3.8036e+004  3.8572e+004  4.9332e+004  4.6449e+004  5.3303e+004  4.0356e+004  3.8344e+004  5.0182e+004  3.8436e+004  4.3729e+004  4.7004e+004

 Columns 4885 through 4896:

  3.9252e+004  3.6097e+004  4.7692e+004  4.8443e+004  4.8766e+004  3.6588e+004  4.6482e+004  3.6867e+004  4.0006e+004  3.0986e+004  4.7123e+004  3.9684e+004

 Columns 4897 through 4908:

  4.0589e+004  4.5702e+004  4.0284e+004  3.7733e+004  4.5487e+004  5.1408e+004  3.1148e+004  4.3411e+004  3.4656e+004  4.1614e+004  4.2142e+004  5.4607e+004

 Columns 4909 through 4920:

  3.8320e+004  4.4911e+004  4.3691e+004  3.7540e+004  4.7914e+004  3.6920e+004  4.1486e+004  3.2545e+004  3.9426e+004  3.0516e+004  4.3350e+004  3.4164e+004

 Columns 4921 through 4932:

  4.3572e+004  4.0615e+004  4.3113e+004  5.2570e+004  3.7041e+004  4.1947e+004  4.2277e+004  4.7887e+004  3.9716e+004  4.4143e+004  3.1633e+004  3.5791e+004

 Columns 4933 through 4944:

  3.9226e+004  3.5569e+004  4.7656e+004  4.0883e+004  3.1114e+004  4.9054e+004  3.6562e+004  3.1834e+004  4.6893e+004  4.1646e+004  3.5859e+004  3.9759e+004

 Columns 4945 through 4956:

  3.2163e+004  4.5670e+004  4.3502e+004  4.3982e+004  4.0130e+004  3.7805e+004  5.3317e+004  4.9326e+004  5.1396e+004  4.5828e+004  4.4296e+004  4.9889e+004

 Columns 4957 through 4968:

  4.8131e+004  5.2370e+004  3.5938e+004  4.0741e+004  4.8419e+004  4.7343e+004  5.0875e+004  3.7036e+004  4.0775e+004  3.7951e+004  4.1955e+004  3.4863e+004

 Columns 4969 through 4980:

  4.2925e+004  3.2743e+004  4.6737e+004  4.5243e+004  4.8362e+004  4.4315e+004  5.0452e+004  4.1205e+004  3.6158e+004  4.3865e+004  4.0844e+004  4.3484e+004

 Columns 4981 through 4992:

  4.3142e+004  4.8189e+004  5.0903e+004  3.6036e+004  4.9116e+004  3.7748e+004  4.3560e+004  3.3879e+004  4.2764e+004  4.2088e+004  4.2611e+004  4.8468e+004

 Columns 4993 through 5000:

  3.9372e+004  4.4688e+004  3.8299e+004  4.2835e+004  4.5801e+004  3.1790e+004  4.4816e+004  3.5961e+004

cost_reg =  961.41
J =   4.4683e+004
Cost at parameters (loaded from ex4weights): 44683.082069 
(this value should be about 0.287629)

Program paused. Press enter to continue.
